0_vlit_vlit_PRO_REG|output 0.000531631 0.002082767 2.581145e-05 0.02425442 0.0006987143 0.0001373384 0.01110064 0.6390892 6.086387e-05 0.006738093 0.005277574 0.004786803 0.009550916 0.006692509 0.008420747 0.01492685 0.02275773 0.007249904 0.01012628 0.9735953 0.008927622 0.0006827583 0.0005822632 0.0002224018 0.0003139309 0.8800732 1.126827e-05 0.0001027518 0.001132339 0.0008520981 0.0001198397 0.0001152714 0.09931119 4.432917e-06 0.004111166 0.00128236 0.03347225 0.007470367 0.009639943 0.01267579 0.0005507203 5.593681e-05 0.0025886 0.008370617 0.0007570393 0.001429631 0.009156683 0.06046364 0.02062179 1.904084e-07 0.0002375449 0.001900412 0.0373819 0.01671401 0.997298 8.204237e-06 0.001577135 0.001345254 0.0004123946 0.0002118514 4.907661e-05 
0_vlit_vlit_PRO_REG|target 0 0 0 0 0 0 0 1 0 0 0 0 0 0 0 0 0 0 0 1 0 0 0 0 0 1 0 0 0 0 0 0 0 0 0 0 0 0 0 0 0 0 0 0 0 0 0 0 0 0 0 0 0 0 1 0 0 0 0 0 0 
1_plit_plit_PRO_REG|output 0.01965585 0.00267203 0.00174381 0.03842537 0.001366513 0.0008915102 0.06483024 0.01346587 0.0006195375 0.002606895 0.7499821 0.01249461 0.00252682 0.01109693 0.01392676 0.01085415 0.008960005 0.01208053 0.006830674 0.7423846 0.03219328 0.002296032 0.001315654 0.002208673 0.001206851 0.8201638 9.982727e-05 0.00552308 0.009219723 0.002276498 0.001498383 0.004295055 0.1112579 0.000283449 0.00634658 0.01020734 0.04799709 0.02150232 0.004241783 0.02565115 0.003116358 0.003050112 0.008670238 0.01755832 0.01071913 0.007529372 0.008434702 0.1105403 0.03737284 8.451178e-05 0.0004518089 0.008139155 0.0508231 0.05134758 0.9291859 0.0006311659 0.001384834 0.01292358 0.003113684 0.004457622 0.0009940816 
1_plit_plit_PRO_REG|target 0 0 0 0 0 0 0 0 0 0 1 0 0 0 0 0 0 0 0 1 0 0 0 0 0 1 0 0 0 0 0 0 0 0 0 0 0 0 0 0 0 0 0 0 0 0 0 0 0 0 0 0 0 0 1 0 0 0 0 0 0 
2_trit_trit_PRO_REG|output 0.01501898 0.001811454 1.622551e-05 0.02855542 0.001254155 0.0005833508 0.02460412 0.007583397 0.05832416 0.0008172022 0.00868223 0.01245474 0.851162 0.05505468 0.004084351 0.01782027 0.01863344 0.03924617 0.0001506828 0.004564106 0.925985 1.240986e-05 6.609399e-05 0.0003513241 0.001819586 0.7947496 0.0005858627 0.001168031 0.002760743 0.00244498 0.002630393 0.004280754 0.142303 0.0002703423 0.01950149 0.006917714 0.05229609 0.003745832 0.01175356 0.03315317 0.001583271 0.001981397 0.007489795 0.02355984 0.01624966 0.003150723 0.01428363 0.01420997 0.009388178 3.973639e-05 0.01068163 0.007296479 0.06356651 0.05328804 0.9416054 0.0007884759 0.003852508 0.04767622 0.003595024 0.00261333 0.0003034562 
2_trit_trit_PRO_REG|target 0 0 0 0 0 0 0 0 0 0 0 0 1 0 0 0 0 0 0 0 1 0 0 0 0 1 0 0 0 0 0 0 0 0 0 0 0 0 0 0 0 0 0 0 0 0 0 0 0 0 0 0 0 0 1 0 0 0 0 0 0 
3_drit_drit_PRO_REG|output 0.01120977 0.003866452 1.003486e-05 0.01219852 0.001416405 0.001135008 0.05753381 0.01408241 0.02690426 0.0001604437 0.01813382 0.0110934 0.04293441 0.8108653 0.003692621 0.01263796 0.02464723 0.02207033 0.001763849 0.002402402 0.9603209 6.290869e-05 8.769688e-05 0.000235969 0.00788338 0.8682503 0.00034546 0.003192197 0.005086944 0.005625811 0.006231461 0.001186696 0.1990357 0.0004503495 0.00945485 0.02717655 0.02850948 0.001981064 0.01836668 0.03832317 0.00110999 0.0008465311 0.006148874 0.02662737 0.01676121 0.001763881 0.01362637 0.02822816 0.01734612 1.166534e-05 0.007440954 0.0106654 0.08215258 0.02757623 0.931902 0.000730723 0.005258253 0.02139002 0.004501068 0.001745717 0.0006351365 
3_drit_drit_PRO_REG|target 0 0 0 0 0 0 0 0 0 0 0 0 0 1 0 0 0 0 0 0 1 0 0 0 0 1 0 0 0 0 0 0 0 0 0 0 0 0 0 0 0 0 0 0 0 0 0 0 0 0 0 0 0 0 1 0 0 0 0 0 0 
4_frax_frks_PRO_REG|output 2.810652e-05 5.480011e-06 0.0003038647 0.00792014 0.0009549884 2.719176e-06 0.9608541 0.01064504 0.0002815221 3.539542e-05 0.003338738 0.008231014 0.009494571 0.02784553 0.02089418 0.01016735 0.02059532 0.05009349 0.003121001 0.008175358 0.9839387 1.125352e-07 6.357609e-06 0.0009942465 0.0007493829 0.002244723 0.002662203 1.887485e-07 0.9978535 0.04809528 0.0001733467 0.0005814535 1.49886e-05 5.123277e-06 3.22761e-05 0.0004265178 0.001635019 0.0004322852 6.719502e-05 0.02948613 3.09723e-06 0.02515865 0.01121521 0.06666888 0.001279857 0.002631396 0.7504417 0.001579154 0.3553488 0.003283108 0.0005868557 0.004667428 0.006298528 0.991063 0.07606798 0.001226731 0.0009390443 0.0002073799 4.80826e-05 0.0007287606 1.120021e-05 
4_frax_frks_PRO_REG|target 0 0 0 0 0 0 1 0 0 0 0 0 0 0 0 0 0 0 0 0 1 0 0 0 0 0 0 0 1 0 0 0 0 0 0 0 0 0 0 0 0 0 0 0 0 0 1 0 1 0 0 0 0 1 0 0 0 0 0 0 0 
5_drax_drks_PRO_REG|output 0.0001951258 8.837351e-06 1.720693e-05 0.005902417 0.0009830733 7.687528e-06 0.04917706 0.007783446 0.002795153 0.0001944174 0.003069989 0.008689112 0.02092708 0.8371899 0.009993652 0.01552148 0.02580092 0.02057842 0.0006453134 0.001215093 0.9924713 1.774646e-07 5.999426e-07 0.0002284344 0.001710537 0.009904394 0.01526068 2.267388e-07 0.9987395 0.03015334 0.0004074782 1.748006e-05 0.0003797484 5.832152e-05 0.0001459235 0.002449737 0.0009210922 0.0004203053 3.108341e-05 0.03969937 4.215451e-06 0.01387198 0.01400862 0.08612376 0.001940372 0.001441935 0.4487787 0.005860419 0.2977099 0.0003091941 0.003632335 0.01128997 0.04490551 0.9832774 0.04271241 0.002017794 0.001264051 0.0004248298 0.0001521161 0.0003945403 5.774332e-05 
5_drax_drks_PRO_REG|target 0 0 0 0 0 0 0 0 0 0 0 0 0 1 0 0 0 0 0 0 1 0 0 0 0 0 0 0 1 0 0 0 0 0 0 0 0 0 0 0 0 0 0 0 0 0 1 0 1 0 0 0 0 1 0 0 0 0 0 0 0 
6_prax_prks_PRO_REG|output 0.0005327115 3.222864e-06 7.932384e-05 0.007741166 0.001078696 1.165631e-05 0.02961776 0.003489432 0.0002211714 9.012557e-05 0.9038723 0.01220717 0.000411602 0.007812688 0.08355956 0.008352643 0.005077161 0.03057928 0.0006427416 0.01341325 0.9737 1.125352e-07 3.967841e-06 0.002834931 0.0003881094 0.003256679 0.0005883135 1.563921e-07 0.998108 0.01966002 0.001788587 0.000122262 4.82602e-05 1.103407e-05 8.898916e-05 0.004200215 0.001661435 0.0007738601 1.572853e-05 0.02572856 1.121432e-05 0.03602979 0.02215631 0.06669743 0.001233461 0.002817383 0.2714065 0.01872483 0.5002131 0.002620484 8.118428e-05 0.002752966 0.03471589 0.9416544 0.1792826 0.001048807 0.0002687892 0.0005058072 0.000102865 0.001234822 5.765308e-05 
6_prax_prks_PRO_REG|target 0 0 0 0 0 0 0 0 0 0 1 0 0 0 0 0 0 0 0 0 1 0 0 0 0 0 0 0 1 0 0 0 0 0 0 0 0 0 0 0 0 0 0 0 0 0 1 0 1 0 0 0 0 1 0 0 0 0 0 0 0 
7_shrax_Srks_PRO_REG|output 0.000258855 0.9764972 0.0001245438 0.008925031 0.0009897551 2.404132e-06 0.07604345 0.0007575481 0.01719972 0.0005023836 0.0001713904 0.01881075 0.0001560977 0.003202531 8.860515e-05 0.0005335779 0.005542648 0.0276899 0.001948859 0.01068085 0.9800979 1.125352e-07 1.125352e-07 0.001374772 0.002290763 0.00231445 0.001153537 4.525082e-07 0.9824374 0.01740021 0.0001442412 0.002568358 0.0002939639 4.848763e-05 5.275325e-05 0.0001391748 0.001125911 0.001394807 6.126497e-05 0.02500581 2.16407e-05 0.02137858 0.03261062 0.04425709 0.007416194 0.01017158 0.345952 0.002027375 0.7276418 0.004137115 0.002540843 0.005307773 0.10333 0.8902361 0.02286349 0.002087821 0.0004609356 0.0005663619 0.0005530759 0.001869836 5.248424e-05 
7_shrax_Srks_PRO_REG|target 0 1 0 0 0 0 0 0 0 0 0 0 0 0 0 0 0 0 0 0 1 0 0 0 0 0 0 0 1 0 0 0 0 0 0 0 0 0 0 0 0 0 0 0 0 0 1 0 1 0 0 0 0 1 0 0 0 0 0 0 0 
8_bleef_blEf_PRO_REG|output 0.002574285 0.01916311 0.0001666833 0.01532959 0.001652385 0.0008623342 0.05935247 0.01985389 0.001735376 0.005263149 0.01437754 0.7774867 0.0100577 0.007168489 0.002872582 0.002881577 0.01440728 0.01669756 0.003661923 0.7456864 0.1051607 0.0004653184 0.0004623984 1.740788e-05 0.01484367 0.04234741 0.0006427796 4.057948e-05 0.02975156 0.001499818 0.007258049 0.6872378 0.009735369 0.002835567 0.008020838 0.002915681 0.00404349 0.01574411 0.005199283 0.02331474 0.01169216 0.0006892292 0.01447384 0.0212751 0.02374839 0.006202083 0.005590805 0.01243089 0.001431728 0.0005056988 0.7260801 0.01467604 0.01628484 0.01182828 0.02681741 0.003949396 0.02725828 0.01254463 0.005662888 0.003197183 0.0004509183 
8_bleef_blEf_PRO_REG|target 0 0 0 0 0 0 0 0 0 0 0 1 0 0 0 0 0 0 0 1 0 0 0 0 0 0 0 0 0 0 0 1 0 0 0 0 0 0 0 0 0 0 0 0 0 0 0 0 0 0 1 0 0 0 0 0 0 0 0 0 0 
9_gleef_glEf_PRO_REG|output 0.001643218 0.001020731 0.0002702528 0.008242723 0.001162763 0.01987488 0.05343284 0.03117429 0.002506759 0.01404 0.02533601 0.009376857 0.02809538 0.008012275 0.01925806 0.8979235 0.01987588 0.01338563 0.007431963 0.7495465 0.1543651 0.0004192325 0.0005355856 2.559354e-05 0.0134746 0.06854505 0.0003492004 8.65216e-05 0.08244117 0.006216784 0.01553622 0.9123262 0.006207094 0.004829658 0.00305929 0.002322199 0.002707966 0.02192892 0.002862952 0.0607265 0.007041366 0.000663256 0.01123759 0.01534751 0.02231673 0.00716781 0.003252311 0.005226588 0.002662332 0.0005361571 0.8483369 0.04386944 0.03266928 0.006768851 0.01869197 0.009680039 0.007338702 0.007398188 0.006354993 0.002536716 0.0008577679 
9_gleef_glEf_PRO_REG|target 0 0 0 0 0 0 0 0 0 0 0 0 0 0 0 1 0 0 0 1 0 0 0 0 0 0 0 0 0 0 0 1 0 0 0 0 0 0 0 0 0 0 0 0 0 0 0 0 0 0 1 0 0 0 0 0 0 0 0 0 0 
10_creef_krEf_PRO_REG|output 0.02925073 0.0102862 0.000250753 0.006982402 0.00123875 0.0006419659 0.09826186 0.02272914 0.01211672 6.318322e-05 0.01705927 0.006218304 0.03158188 0.02359398 0.8874273 0.01904983 0.01412488 0.04539282 0.0003156707 0.008787919 0.9818936 5.806072e-06 0.000999308 1.408732e-05 0.02997644 0.006750263 0.0002165218 0.0003661156 0.09376962 0.006376298 0.007162945 0.895167 0.01025551 0.0005316908 0.01156208 0.002799601 0.003247513 0.005757609 0.004768497 0.06621357 0.007194286 0.0007436235 0.03029685 0.02781078 0.03631759 0.002402258 0.003679768 0.002460494 0.000129122 0.001291456 0.9529249 0.03075786 0.01417826 0.001848282 0.03223313 0.01040293 0.019407 0.01515531 0.003094013 0.003533312 0.0004437558 
10_creef_krEf_PRO_REG|target 0 0 0 0 0 0 0 0 0 0 0 0 0 0 1 0 0 0 0 0 1 0 0 0 0 0 0 0 0 0 0 1 0 0 0 0 0 0 0 0 0 0 0 0 0 0 0 0 0 0 1 0 0 0 0 0 0 0 0 0 0 
11_preef_prEf_PRO_REG|output 0.008655309 0.003011857 0.0001486415 0.00817914 0.001333798 0.001922027 0.08148543 0.01073002 0.005435959 0.0002704774 0.6036973 0.01621123 0.004039049 0.01487418 0.02135709 0.00377988 0.006558761 0.0300965 0.00157675 0.008126731 0.9506006 3.855496e-06 0.001019649 8.583888e-06 0.02967112 0.01237989 3.350535e-05 9.051004e-05 0.09557206 0.0002589508 0.01048296 0.7916818 0.01955064 0.001508572 0.007457651 0.005927444 0.00587904 0.005578767 0.006171826 0.04891907 0.008088484 0.0004353541 0.03516542 0.02671506 0.03172781 0.002229749 0.0008397616 0.00228412 9.036471e-05 0.007232736 0.6127872 0.02654881 0.01996562 0.001393743 0.03141646 0.005390509 0.01034195 0.03580167 0.001710518 0.002577335 0.0002006857 
11_preef_prEf_PRO_REG|target 0 0 0 0 0 0 0 0 0 0 1 0 0 0 0 0 0 0 0 0 1 0 0 0 0 0 0 0 0 0 0 1 0 0 0 0 0 0 0 0 0 0 0 0 0 0 0 0 0 0 1 0 0 0 0 0 0 0 0 0 0 
12_blim_blim_PRO_REG|output 0.003837856 0.001307774 0.002034898 0.03035199 0.001720564 0.002033038 0.06965593 0.02859171 0.0007474494 0.01909985 0.01368008 0.731017 0.04459941 0.01165331 0.001267493 0.00161728 0.006152955 0.02506044 0.004971748 0.8560675 0.06306398 0.001481734 0.0003054663 0.001132069 0.0009750542 0.6460577 8.141741e-05 0.0002279529 0.00519023 0.01261425 0.006309748 0.009731242 0.2540214 0.0006582165 0.01684255 0.0006415293 0.0124411 0.02608394 0.01938459 0.7108036 0.0008899588 0.001605741 0.0160016 0.02440383 0.04197814 0.009605096 0.01717942 0.01608028 0.0007008965 0.006595556 0.007104423 0.01550869 0.02529239 0.1071844 0.004343013 0.02718383 0.01052069 0.01973984 0.009166345 0.003979644 0.0006431552 
12_blim_blim_PRO_REG|target 0 0 0 0 0 0 0 0 0 0 0 1 0 0 0 0 0 0 0 1 0 0 0 0 0 1 0 0 0 0 0 0 0 0 0 0 0 0 0 1 0 0 0 0 0 0 0 0 0 0 0 0 0 0 0 0 0 0 0 0 0 
13_clim_klim_PRO_REG|output 0.05408504 5.710999e-05 0.01019099 0.00458027 0.0005692806 0.0003290705 0.02652966 0.02743211 3.612135e-06 0.000547225 0.00603475 0.0009002323 0.01751657 0.003525279 0.9698048 0.0009187328 0.001442038 0.008458504 2.398864e-05 0.9571872 0.05394683 3.085091e-05 9.934467e-05 8.536213e-06 1.876357e-05 0.3004451 1.449098e-07 1.088618e-05 0.001167886 0.004483887 0.0003012711 0.002745532 0.464077 2.001353e-05 0.01281393 0.001197387 0.003679369 0.01093554 0.0004938385 0.9586915 8.130623e-05 7.152262e-05 0.001316374 0.007118693 0.02775288 0.001534478 0.001386239 0.001793354 3.003634e-06 0.000792241 0.01505154 0.008325568 0.003822682 0.005159633 0.0004269942 0.02916417 0.001741562 0.006137304 0.00344942 0.0003877215 2.954667e-05 
13_clim_klim_PRO_REG|target 0 0 0 0 0 0 0 0 0 0 0 0 0 0 1 0 0 0 0 1 0 0 0 0 0 1 0 0 0 0 0 0 0 0 0 0 0 0 0 1 0 0 0 0 0 0 0 0 0 0 0 0 0 0 0 0 0 0 0 0 0 
14_shrim_Srim_PRO_REG|output 0.0001444538 0.9165826 0.0004181959 0.005613102 0.000704688 0.0003665466 0.0888894 0.001121887 0.005147508 0.0001626767 0.000105312 0.009175356 0.0001220373 0.009997003 2.038178e-05 0.0001027844 0.0006554103 0.01032459 0.003846704 0.01584926 0.9487351 1.125352e-07 7.534494e-07 4.440533e-06 1.897951e-05 0.6081292 1.125352e-07 1.153717e-05 0.004549148 0.006726984 8.741418e-06 0.04614409 0.2038502 5.181858e-05 0.001191089 0.000144393 0.003771368 0.002158028 0.002099549 0.9105507 6.873056e-05 0.0003931054 0.001388833 0.008947109 0.03986293 0.002039175 0.0008072274 0.0004046385 1.158147e-05 0.03470634 0.02798331 0.01309775 0.02562468 0.005242877 0.0001978116 0.004211831 0.002369774 0.003720846 0.0007431688 0.0003179098 1.078713e-05 
14_shrim_Srim_PRO_REG|target 0 1 0 0 0 0 0 0 0 0 0 0 0 0 0 0 0 0 0 0 1 0 0 0 0 1 0 0 0 0 0 0 0 0 0 0 0 0 0 1 0 0 0 0 0 0 0 0 0 0 0 0 0 0 0 0 0 0 0 0 0 
15_frim_frim_PRO_REG|output 0.0001155869 1.34355e-05 0.0001233158 0.003870115 0.0006452372 0.0003062866 0.9328581 0.004483104 0.0002833831 2.178367e-05 0.001885428 0.006339054 0.0203649 0.02890023 0.001216004 0.0001373588 0.001866191 0.05055236 0.0006437985 0.005374416 0.9810409 1.125352e-07 4.796106e-05 1.879142e-06 0.000128931 0.6211658 1.125352e-07 8.320347e-05 0.003631203 0.01725911 8.550789e-05 0.001543085 0.02245245 2.450993e-06 0.004347589 0.0002463319 0.001088917 0.0009626694 0.008774057 0.9777632 3.728678e-05 0.0001717832 0.0007068356 0.02080888 0.01389856 0.0005597603 0.0009663589 0.0001662214 7.848536e-07 0.05681518 0.004666219 0.003115523 0.001679432 0.002119444 0.001184087 0.009466558 0.003227482 0.0133689 0.0003253074 0.0003094648 3.369926e-06 
15_frim_frim_PRO_REG|target 0 0 0 0 0 0 1 0 0 0 0 0 0 0 0 0 0 0 0 0 1 0 0 0 0 1 0 0 0 0 0 0 0 0 0 0 0 0 0 1 0 0 0 0 0 0 0 0 0 0 0 0 0 0 0 0 0 0 0 0 0 
16_bisp_bisp_PRO_REG|output 0.02399649 0.000184945 0.004693908 0.04494127 0.001961622 0.06197543 0.02342359 0.01773392 0.00219808 0.005313002 0.03836284 0.7995169 0.04561779 0.02907692 0.000324042 0.0004292016 0.01308797 0.03498506 0.003621376 0.02504358 0.08575623 0.02386057 0.000428777 0.04366131 0.01726048 0.9658509 0.0002932163 0.004038876 0.00423207 0.006367012 0.005259471 0.0006774861 0.02062244 0.0001057189 0.02191011 0.0003065972 0.02173891 0.01690864 0.05525198 0.03616427 0.005348855 0.004321798 0.04957631 0.03346377 0.04749525 0.1049241 0.07332346 0.06806861 0.6942784 0.003914095 0.0009262608 0.004625519 0.6934012 0.004631578 0.06924417 0.01862451 0.006127748 0.01935073 0.004253739 0.003737109 0.002275714 
16_bisp_bisp_PRO_REG|target 0 0 0 0 0 0 0 0 0 0 0 1 0 0 0 0 0 0 0 0 0 0 0 0 0 1 0 0 0 0 0 0 0 0 0 0 0 0 0 0 0 0 0 0 0 0 0 0 1 0 0 0 1 0 0 0 0 0 0 0 0 
17_kisp_kisp_PRO_REG|output 0.04208012 0.0001140696 0.02636348 0.02494053 0.001376742 0.07178147 0.01866839 0.0303278 0.001186158 0.0008499613 0.01633709 0.005079459 0.01520795 0.06308522 0.7380707 0.00213766 0.03139766 0.0306461 0.002246848 0.03999847 0.1504703 0.05519382 0.001537727 0.006263124 0.006215176 0.9085215 5.940072e-05 0.001264703 0.03527551 0.01476572 0.0001603497 0.0022236 0.002995002 0.0002335314 0.008092586 2.164998e-05 0.01297218 0.03599522 0.01058153 0.04042365 0.001965653 0.003034233 0.07228189 0.02570244 0.03820781 0.09768506 0.0352931 0.04300441 0.6179968 0.003886832 0.01194596 0.006871932 0.7191868 0.005660343 0.1054598 0.01524918 0.001459236 0.006282991 0.001404862 0.002011292 0.001297328 
17_kisp_kisp_PRO_REG|target 0 0 0 0 0 0 0 0 0 0 0 0 0 0 1 0 0 0 0 0 0 0 0 0 0 1 0 0 0 0 0 0 0 0 0 0 0 0 0 0 0 0 0 0 0 0 0 0 1 0 0 0 1 0 0 0 0 0 0 0 0 
18_risp_risp_PRO_REG|output 0.005635022 0.0003127038 0.0004853016 0.03686328 0.001559053 0.04382858 0.03287978 0.007425564 0.009271501 0.0005111493 0.01946757 0.03806766 0.03789503 0.03964596 0.01125293 0.02189325 0.01719702 0.03394879 0.002011947 0.01197271 0.9345196 9.858358e-05 0.0001356736 0.002891832 0.01651759 0.9683583 4.833251e-05 0.001277637 0.05678693 0.01179313 0.0007718157 0.000422848 0.009066859 9.471356e-05 0.02079344 0.0002562719 0.01022296 0.005469187 0.02900224 0.08370793 0.002889246 0.004365633 0.05661345 0.0389524 0.01842651 0.109743 0.0524385 0.03273459 0.7668653 0.0214033 0.009500582 0.006009859 0.8106836 0.002148794 0.08856069 0.01391752 0.003375714 0.008981363 0.003488357 0.002277846 0.001285444 
18_risp_risp_PRO_REG|target 0 0 0 0 0 0 0 0 0 0 0 0 0 0 0 0 0 0 0 0 1 0 0 0 0 1 0 0 0 0 0 0 0 0 0 0 0 0 0 0 0 0 0 0 0 0 0 0 1 0 0 0 1 0 0 0 0 0 0 0 0 
19_tisp_tisp_PRO_REG|output 0.03880433 6.96444e-05 0.00265664 0.07955658 0.001322589 0.08679309 0.0135939 0.01085349 0.005307959 0.03415255 0.01244613 0.0294757 0.8384171 0.04652386 0.0004718801 0.0009750152 0.01305846 0.02292049 0.0002929721 0.01564657 0.05923193 0.003107742 0.0001457678 0.003688736 0.00346732 0.9739337 0.0002018612 0.0006151687 0.00756206 0.02755759 0.0001242103 0.001083248 0.008991292 0.0001282358 0.0885246 0.0005239543 0.02728163 0.0140385 0.02721898 0.09159241 0.002202924 0.004500563 0.03218645 0.02450658 0.02583707 0.2255269 0.03045849 0.02378036 0.7441338 0.009401632 0.006288961 0.008836189 0.7280623 0.006271142 0.04292249 0.02182209 0.002269482 0.03420455 0.00307224 0.001768426 0.0007414392 
19_tisp_tisp_PRO_REG|target 0 0 0 0 0 0 0 0 0 0 0 0 1 0 0 0 0 0 0 0 0 0 0 0 0 1 0 0 0 0 0 0 0 0 0 0 0 0 0 0 0 0 0 0 0 0 0 0 1 0 0 0 1 0 0 0 0 0 0 0 0 
20_blig_blig_PRO_REG|output 0.008189259 0.001709438 0.0001508246 0.04050907 0.0018672 0.0005007401 0.09014305 0.00556287 0.004335428 0.001085425 0.04343905 0.8326424 0.01267994 0.01315607 0.0004452299 0.0142085 0.009208318 0.02013434 0.013916 0.8568677 0.08217213 0.0001942717 4.927403e-05 0.001023225 0.007074463 0.8098538 0.0100633 0.002870198 0.02231313 0.01136318 0.0009393826 0.00303267 0.04890371 0.0001150013 0.002743789 0.002833069 0.02118076 0.01399914 0.01475515 0.01884422 0.0003396345 0.05212333 0.1032061 0.5032977 0.02252969 0.0160133 0.0305669 0.02213058 0.00180166 0.009459138 0.008463592 0.006816552 0.02077838 0.1673897 0.03477938 0.01615835 0.02104669 0.01535617 0.00480997 0.001585188 0.03227403 
20_blig_blig_PRO_REG|target 0 0 0 0 0 0 0 0 0 0 0 1 0 0 0 0 0 0 0 1 0 0 0 0 0 1 0 0 0 0 0 0 0 0 0 0 0 0 0 0 0 0 0 1 0 0 0 0 0 0 0 0 0 0 0 0 0 0 0 0 0 
21_clig_klig_PRO_REG|output 0.1782545 2.740978e-05 0.0001701147 0.009397202 0.0006555383 5.65896e-05 0.04011137 0.001447394 0.0003063497 6.200472e-06 0.03619094 0.001466551 0.003836015 0.003776362 0.9253772 0.03220651 0.001816783 0.002175103 6.242202e-05 0.9818131 0.05704282 6.415991e-06 5.969987e-06 2.5567e-05 0.0006250264 0.9446219 0.0005662836 0.0005543552 0.01210455 0.0005505534 1.173087e-05 0.0003843407 0.0144704 7.292717e-07 0.0002225371 0.003872142 0.009549364 0.006391428 0.0002188403 0.02391523 7.28306e-06 0.02076516 0.0132301 0.6478161 0.004163191 0.003250852 0.004069292 0.006967844 7.646205e-05 0.0004727977 0.01565292 0.00146474 0.002710254 0.02765116 0.03535735 0.006128846 0.003659273 0.005262265 0.0007393901 0.0001539744 0.01206412 
21_clig_klig_PRO_REG|target 0 0 0 0 0 0 0 0 0 0 0 0 0 0 1 0 0 0 0 1 0 0 0 0 0 1 0 0 0 0 0 0 0 0 0 0 0 0 0 0 0 0 0 1 0 0 0 0 0 0 0 0 0 0 0 0 0 0 0 0 0 
22_flig_flig_PRO_REG|output 0.01616148 0.0004431851 0.0008129258 0.03977102 0.001440021 0.0007603732 0.7937202 0.006677583 0.001913843 0.0004663424 0.03408222 0.01903651 0.02136436 0.01493005 0.003294133 0.02695299 0.009616526 0.01354738 0.01196701 0.8692275 0.07289763 0.0001312306 0.0002505656 0.0004780783 0.006553947 0.7126608 0.007892583 0.00313725 0.03108869 0.002866998 0.0005691769 0.001817657 0.02305202 6.219903e-05 0.003480698 0.005578783 0.02964619 0.009931523 0.008066829 0.04073676 0.0001449656 0.02311341 0.03666564 0.5729235 0.009578588 0.02311007 0.01604641 0.004787771 0.000996173 0.03459201 0.005539942 0.01520659 0.008833877 0.08113471 0.04001139 0.02147424 0.01397284 0.02197927 0.003877295 0.0005305007 0.02248053 
22_flig_flig_PRO_REG|target 0 0 0 0 0 0 1 0 0 0 0 0 0 0 0 0 0 0 0 1 0 0 0 0 0 1 0 0 0 0 0 0 0 0 0 0 0 0 0 0 0 0 0 1 0 0 0 0 0 0 0 0 0 0 0 0 0 0 0 0 0 
23_smig_smig_PRO_REG|output 0.9969796 0.03788805 5.306486e-05 0.02795233 0.001663344 0.008726848 0.04368903 0.006959349 0.0002689186 0.0003062729 0.02358475 0.007249314 0.07874838 0.03732569 0.001609438 0.0002293816 0.7388163 0.01984339 0.0001103987 0.06206414 0.05730537 0.001211099 0.0004685994 0.0009098065 0.02536052 0.7622527 0.008238764 0.007921115 0.004119545 0.005551923 0.0015327 0.02132502 0.01521179 0.0004693205 0.001663247 0.004148064 0.01363113 0.02568771 0.1034175 0.01891083 0.0002987216 0.02091652 0.1166212 0.5725337 0.01208926 0.01507824 0.01324284 0.001178972 0.0009308028 0.0008325169 0.007051495 0.01234268 0.07842995 0.02687661 0.04314353 0.02570552 0.03111668 0.01470331 0.03324 0.0009160013 0.07890357 
23_smig_smig_PRO_REG|target 1 0 0 0 0 0 0 0 0 0 0 0 0 0 0 0 1 0 0 0 0 0 0 0 0 1 0 0 0 0 0 0 0 0 0 0 0 0 0 0 0 0 0 1 0 0 0 0 0 0 0 0 0 0 0 0 0 0 0 0 0 
24_breld_breld_PRO_REG|output 0.02070574 0.00348723 3.788391e-05 0.01009349 0.001500141 0.002398437 0.05016802 0.02475113 0.01573202 0.0001417988 0.03216486 0.8202569 0.137199 0.01816404 0.002820386 0.002212954 0.02216005 0.01996592 0.001008818 0.02491837 0.8694351 6.89111e-05 0.0002673678 9.031699e-05 0.9897308 0.01382095 0.03514773 0.01339805 0.0009947532 0.009951348 0.01142274 0.01137309 0.02843735 0.001127995 0.01729136 0.002773561 0.01283651 0.00256062 0.9825321 0.02196611 0.0309103 0.0001705411 0.04163606 0.01042978 0.6156278 0.00426743 0.01701278 0.009594625 0.00160134 0.001982023 0.0164826 0.008844421 0.01915225 0.002457659 0.07819206 0.009327794 0.008315842 0.02307348 0.005175803 0.01421336 0.001682376 
24_breld_breld_PRO_REG|target 0 0 0 0 0 0 0 0 0 0 0 1 0 0 0 0 0 0 0 0 1 0 0 0 1 0 0 0 0 0 0 0 0 0 0 0 0 0 1 0 0 0 0 0 1 0 0 0 0 0 0 0 0 0 0 0 0 0 0 0 0 
25_creld_kreld_PRO_REG|output 0.1901326 0.002185851 0.0003455746 0.008634483 0.001169288 0.001739872 0.08282498 0.02992136 0.004417244 3.481144e-05 0.03686115 0.01578107 0.190091 0.02205951 0.8895127 0.007922359 0.01742928 0.04077968 0.0001492057 0.02221074 0.9347249 4.345666e-05 0.0006877352 0.0001256667 0.9597665 0.003241262 0.04203405 0.02397711 0.003279306 0.04357136 0.007588308 0.0137119 0.01941579 0.0003225654 0.02389438 0.008221124 0.01092065 0.00246193 0.9348874 0.06746637 0.02556994 0.0001983971 0.02403364 0.00713899 0.5841461 0.005517761 0.0118256 0.007947057 0.001117686 0.000867919 0.05911651 0.01675175 0.01753837 0.001237687 0.08334642 0.01675088 0.003565567 0.02161168 0.005278069 0.01222498 0.00165091 
25_creld_kreld_PRO_REG|target 0 0 0 0 0 0 0 0 0 0 0 0 0 0 1 0 0 0 0 0 1 0 0 0 1 0 0 0 0 0 0 0 0 0 0 0 0 0 1 0 0 0 0 0 1 0 0 0 0 0 0 0 0 0 0 0 0 0 0 0 0 
26_dreld_dreld_PRO_REG|output 0.03292169 0.003074417 2.842763e-05 0.008180053 0.001283168 0.009174334 0.1044842 0.02594017 0.005774131 0.000363492 0.0106964 0.02243671 0.1167102 0.5827113 0.004055906 0.0005499581 0.0373634 0.03147943 0.001081229 0.003403908 0.8899278 5.169346e-05 0.0001624554 1.925334e-05 0.9604316 0.0407749 0.00249133 0.004654443 0.009559995 0.006635201 0.003413598 0.01551376 0.08726729 0.000289586 0.03386201 0.0295258 0.009387814 0.001708787 0.8814818 0.04879343 0.02261845 8.58097e-05 0.0143622 0.005965337 0.5371211 0.0042657 0.01138475 0.01060587 0.001578461 0.001567711 0.0420063 0.01854733 0.03162417 0.002280574 0.1053029 0.009244733 0.003880051 0.01390496 0.002745579 0.00299932 0.001040033 
26_dreld_dreld_PRO_REG|target 0 0 0 0 0 0 0 0 0 0 0 0 0 1 0 0 0 0 0 0 1 0 0 0 1 0 0 0 0 0 0 0 0 0 0 0 0 0 1 0 0 0 0 0 1 0 0 0 0 0 0 0 0 0 0 0 0 0 0 0 0 
27_sneld_sneld_PRO_REG|output 0.990147 0.0315011 0.0002596376 0.03992507 0.001281156 0.02454141 0.08945942 0.05234646 1.472953e-05 0.001480521 0.05612954 0.01056764 0.1033782 0.01444248 0.0001862356 5.108145e-05 0.01054039 0.6568036 0.0003101536 0.03132181 0.02175814 0.001499117 0.0002836056 0.00023582 0.9410895 0.003928723 0.001972236 0.009483232 0.00179923 0.06292275 0.003621163 0.2901206 0.04197376 0.001393576 0.004152691 0.006438347 0.01942487 0.007564573 0.9738469 0.05356695 0.01361989 6.916516e-05 0.02115304 0.007059305 0.6059757 0.01804901 0.03370667 0.009336744 0.002064897 0.01627676 0.02118568 0.01356925 0.02263813 0.00277524 0.05536345 0.01725072 0.003051493 0.04797801 0.004563469 0.003352392 0.00145749 
27_sneld_sneld_PRO_REG|target 1 0 0 0 0 0 0 0 0 0 0 0 0 0 0 0 0 1 0 0 0 0 0 0 1 0 0 0 0 0 0 0 0 0 0 0 0 0 1 0 0 0 0 0 1 0 0 0 0 0 0 0 0 0 0 0 0 0 0 0 0 
28_blark_blark_PRO_REG|output 0.0002854458 0.001262018 0.004136121 0.05778217 0.001527455 0.0001140885 0.04696568 0.006648402 0.006566825 0.00660722 0.04673354 0.6621879 0.006931992 0.02381131 0.005181502 0.02116637 0.01977161 0.01577193 0.01021013 0.7894554 0.03623255 0.002156821 0.0003171935 0.6824625 2.754121e-05 0.000439656 0.05278779 0.02078775 0.02669085 0.0002953263 0.009837685 0.00141897 0.0003512829 0.003880829 2.251609e-05 0.0002322838 0.0006871895 0.6896669 8.99861e-05 0.01536846 0.000182667 0.04646314 0.0996602 0.03651322 0.02839954 0.004368395 0.0194171 0.04057451 0.03032093 5.687163e-05 0.003622484 0.02137882 0.008374354 0.9792825 0.009904618 0.02037367 0.002432405 0.01005079 0.001678235 0.01249741 0.00273031 
28_blark_blark_PRO_REG|target 0 0 0 0 0 0 0 0 0 0 0 1 0 0 0 0 0 0 0 1 0 0 0 1 0 0 0 0 0 0 0 0 0 0 0 0 0 1 0 0 0 0 0 0 0 0 0 0 0 0 0 0 0 1 0 0 0 0 0 0 0 
29_crark_krark_PRO_REG|output 0.001437295 3.97229e-05 0.007111807 0.01543133 0.0005794651 1.382633e-06 0.0951941 0.002988082 0.002746483 1.175266e-05 0.04842477 0.001970823 0.008157375 0.06782256 0.9863406 0.05079578 0.01134136 0.03439234 3.946791e-05 0.004448671 0.941703 2.439501e-06 4.398898e-05 0.7787368 1.125352e-07 3.677197e-07 0.001126834 0.004882324 0.09007947 0.0002465018 0.008989626 0.0003715119 3.537474e-05 0.003589248 1.125352e-07 0.000487006 8.268492e-05 0.7663278 5.817129e-07 0.03132856 3.316823e-06 0.03763944 0.04116501 0.02100378 0.001653564 0.0003412961 0.005826679 0.004247204 0.005961645 1.212061e-07 0.003520364 0.004384218 0.001198057 0.9962504 0.04073892 0.001787334 0.0004625518 0.003163476 4.813624e-05 0.003518736 0.0003408749 
29_crark_krark_PRO_REG|target 0 0 0 0 0 0 0 0 0 0 0 0 0 0 1 0 0 0 0 0 1 0 0 1 0 0 0 0 0 0 0 0 0 0 0 0 0 1 0 0 0 0 0 0 0 0 0 0 0 0 0 0 0 1 0 0 0 0 0 0 0 
30_glark_glark_PRO_REG|output 8.28829e-06 1.160334e-05 0.001016262 0.01330756 0.0004270589 0.000330869 0.003965426 0.002243579 0.0005815532 0.002251303 0.01925683 0.005738338 0.005039981 0.01245758 0.03252771 0.9942945 0.02156409 0.006483052 0.005695831 0.9202546 0.009473536 0.0006552729 6.995672e-05 0.7581212 2.695511e-07 2.502817e-05 0.001177208 0.003924252 0.01892258 1.19178e-05 0.06953151 2.407941e-05 5.193471e-06 0.01262027 1.125352e-07 1.615357e-06 5.559089e-05 0.9536341 1.845914e-07 0.006200861 1.373429e-06 0.0220564 0.04683711 0.02062814 0.003144069 0.0006380968 0.001694413 0.004328419 0.02677101 1.470484e-07 0.01415536 0.01979969 0.002092629 0.9997101 0.002271703 0.007814662 0.0001330795 0.0005714709 0.0001481676 0.0005503892 0.001620869 
30_glark_glark_PRO_REG|target 0 0 0 0 0 0 0 0 0 0 0 0 0 0 0 1 0 0 0 1 0 0 0 1 0 0 0 0 0 0 0 0 0 0 0 0 0 1 0 0 0 0 0 0 0 0 0 0 0 0 0 0 0 1 0 0 0 0 0 0 0 
31_slark_slark_PRO_REG|output 0.2958953 0.003256357 0.0001986796 0.02893922 0.0004511625 2.362623e-05 0.006084226 0.001216264 2.821604e-05 0.0006643853 0.0369274 0.003156432 0.001108463 0.01142198 0.03922104 0.001160718 0.01350369 0.005302373 1.012523e-05 0.9149977 0.004960711 0.0008318611 5.870009e-06 0.9928706 1.130288e-06 2.393237e-06 0.009324402 0.003669454 0.01101055 7.183535e-06 0.00455512 2.708002e-05 3.156643e-06 0.0005964317 6.484483e-07 1.967377e-05 4.814758e-05 0.9140627 1.125352e-07 0.007226788 4.138346e-06 0.02570041 0.07414491 0.01591338 0.008234572 0.0006175414 0.001667871 0.005228125 0.005520226 7.155626e-07 0.001097779 0.01678847 0.00275238 0.9964253 0.001223707 0.003898732 0.0002373172 0.001656624 0.0003596789 0.001477408 0.0003943598 
31_slark_slark_PRO_REG|target 1 0 0 0 0 0 0 0 0 0 0 0 0 0 0 0 0 0 0 1 0 0 0 1 0 0 0 0 0 0 0 0 0 0 0 0 0 1 0 0 0 0 0 0 0 0 0 0 0 0 0 0 0 1 0 0 0 0 0 0 0 
32_ging_giN_PRO_REG|output 0.000523087 4.708268e-07 0.0003342726 0.01203799 0.0006930105 0.02987602 0.02387081 0.001372513 0.007947914 1.145246e-05 0.01555384 0.007620868 0.008875986 0.002769834 0.000300058 0.3872071 0.02356026 0.002129836 0.01169663 0.02510712 0.04852603 0.001390297 0.0001467865 0.0001384503 3.543841e-05 0.9975221 0.00025385 0.000555376 0.03236296 0.004996672 0.0002161647 0.006491671 4.143213e-05 7.851471e-07 4.172356e-07 0.0008511739 0.001382807 0.009259025 2.266021e-05 0.002641419 0.03473981 0.9345545 0.01327615 0.02210513 0.002251597 0.002630588 0.0009995612 0.0003643732 4.020592e-05 0.001969638 0.0002537049 0.005738577 0.0005258435 0.006248243 0.003304712 0.00813326 0.001219449 0.002350883 0.000308353 0.000107743 0.08732519 
32_ging_giN_PRO_REG|target 0 0 0 0 0 0 0 0 0 0 0 0 0 0 0 1 0 0 0 0 0 0 0 0 0 1 0 0 0 0 0 0 0 0 0 0 0 0 0 0 0 1 0 0 0 0 0 0 0 0 0 0 0 0 0 0 0 0 0 0 0 
33_jing_jiN_PRO_REG|output 0.0479383 0.0005143403 0.0004887741 0.08746218 0.002089666 0.697351 0.03991498 0.01019008 0.006815829 0.0001577475 0.03286707 0.04177915 0.03250348 0.01227364 0.00110124 0.002783902 0.0135284 0.01248878 0.003176652 0.03643269 0.1064351 0.007259733 0.0003819275 0.003880966 0.001054713 0.9508302 0.0005873991 0.01221933 0.06133569 0.008990332 0.001290038 0.0109277 0.0005045683 2.650212e-05 0.0002201426 0.002435047 0.01702379 0.01250972 0.0003146539 0.02454614 0.05441689 0.6299262 0.1120293 0.06987193 0.007917758 0.01084597 0.006367592 0.00464376 0.0004185923 0.01835094 0.002339949 0.008293944 0.008586711 0.02052443 0.04346997 0.001600943 0.01024796 0.02547031 0.0004433917 0.0003596364 0.0243132 
33_jing_jiN_PRO_REG|target 0 0 0 0 0 1 0 0 0 0 0 0 0 0 0 0 0 0 0 0 0 0 0 0 0 1 0 0 0 0 0 0 0 0 0 0 0 0 0 0 0 1 0 0 0 0 0 0 0 0 0 0 0 0 0 0 0 0 0 0 0 
34_ning_niN_PRO_REG|output 0.02669593 3.602535e-05 4.30271e-05 0.08870575 0.0009886695 0.0008795701 0.06601355 0.0014092 0.0001147844 2.601751e-06 0.05204917 0.02510125 0.005614901 0.001958888 1.00899e-05 3.805231e-05 0.007237012 0.5080302 0.005804244 0.02231925 0.02101355 0.002315752 0.0006210078 0.0001084718 2.423295e-05 0.996336 6.198036e-05 0.0003869162 0.008904784 0.003225378 2.506825e-05 0.01257862 5.428341e-05 6.104252e-07 9.277956e-06 0.0004060167 0.003845009 0.003735184 8.400414e-05 0.004007495 0.02194254 0.8735754 0.04120659 0.04107961 0.001115324 0.006368847 0.001618703 0.0008196065 2.936546e-06 0.01460163 0.0003718152 0.00168959 0.0004873556 0.003784865 0.005747856 0.009311003 0.00472078 0.0257551 0.0003505145 0.0001479366 0.01535492 
34_ning_niN_PRO_REG|target 0 0 0 0 0 0 0 0 0 0 0 0 0 0 0 0 0 1 0 0 0 0 0 0 0 1 0 0 0 0 0 0 0 0 0 0 0 0 0 0 0 1 0 0 0 0 0 0 0 0 0 0 0 0 0 0 0 0 0 0 0 
35_ting_tiN_PRO_REG|output 0.08715539 9.43098e-05 0.0005741008 0.110513 0.001593494 0.004496608 0.05590101 0.004767646 0.04956589 0.0003214819 0.01834675 0.01760098 0.7415461 0.02080132 0.0005679192 0.0009331587 0.03955032 0.008158225 0.0004524028 0.02058224 0.08642772 0.002627827 0.001159399 0.0001688183 0.001762288 0.9683629 0.001600385 0.005540383 0.02563389 0.008698482 0.0005640438 0.01183318 0.001009035 5.260891e-05 0.0005434752 0.005870295 0.01326877 0.01460455 0.0008804431 0.01973713 0.05609182 0.7019334 0.03954 0.04330998 0.01454344 0.01894837 0.003649002 0.002133293 0.0003994065 0.006012748 0.007673002 0.00787825 0.007273252 0.01609146 0.01557991 0.01513963 0.009911738 0.04155736 0.002009385 0.0008346718 0.04410996 
35_ting_tiN_PRO_REG|target 0 0 0 0 0 0 0 0 0 0 0 0 1 0 0 0 0 0 0 0 0 0 0 0 0 1 0 0 0 0 0 0 0 0 0 0 0 0 0 0 0 1 0 0 0 0 0 0 0 0 0 0 0 0 0 0 0 0 0 0 0 
36_blape_blAp_PRO_REG|output 6.620299e-05 8.006364e-05 0.0004321015 0.01397804 0.0008946502 8.254273e-05 0.0100175 0.01493911 0.0001241071 0.02588721 0.03153711 0.700906 0.007417858 0.004072292 0.003185579 0.001747275 0.01900466 0.006265374 0.0006451338 0.8768244 0.02816445 0.0007314239 4.487216e-05 0.0003290661 1.322967e-05 3.279879e-06 1.702861e-05 1.125352e-07 0.004187506 0.0001171249 0.9901907 0.0001814617 0.01521711 0.001194192 0.007609344 3.575793e-07 0.0002658283 0.009926684 0.000136706 0.004941645 0.03364624 4.485856e-05 0.0798616 0.0002449782 0.01473573 0.05693991 0.02619286 0.01163263 0.02924217 3.971188e-06 0.0006663289 0.006950108 0.9524602 0.002781549 0.03388697 0.001423707 0.006503922 1.199979e-05 0.04070986 5.179285e-06 0.008345008 
36_blape_blAp_PRO_REG|target 0 0 0 0 0 0 0 0 0 0 0 1 0 0 0 0 0 0 0 1 0 0 0 0 0 0 0 0 0 0 1 0 0 0 0 0 0 0 0 0 0 0 0 0 0 0 0 0 0 0 0 0 1 0 0 0 0 0 0 0 0 
37_clape_klAp_PRO_REG|output 0.03599197 0.0004036129 0.04673936 0.02855471 0.00132784 0.0006790439 0.05351157 0.04937077 0.0004239741 0.006241212 0.04504104 0.0011323 0.05259719 0.01065189 0.9490854 0.05532471 0.03243244 0.01585 0.0003502169 0.7662718 0.09207727 0.003499561 0.003095135 0.001463252 0.0007370412 0.0002981085 0.0002139732 3.077943e-06 0.1347735 0.00114843 0.9057392 0.002426336 0.009885773 0.02561339 0.02979989 1.769668e-05 0.004309864 0.01873908 0.0006623843 0.05127725 0.03001557 0.0005107226 0.05771144 0.001303532 0.04706271 0.07501069 0.03022406 0.009349657 0.08236589 3.011478e-05 0.02706083 0.03416133 0.8242343 0.004346966 0.03743189 0.02274425 0.005214919 0.0003724541 0.03974422 0.0002015385 0.01141449 
37_clape_klAp_PRO_REG|target 0 0 0 0 0 0 0 0 0 0 0 0 0 0 1 0 0 0 0 1 0 0 0 0 0 0 0 0 0 0 1 0 0 0 0 0 0 0 0 0 0 0 0 0 0 0 0 0 0 0 0 0 1 0 0 0 0 0 0 0 0 
38_brape_brAp_PRO_REG|output 0.001162473 0.0009760607 0.0002835336 0.03160044 0.001968244 0.000315115 0.03179195 0.02087967 0.01426043 0.002971036 0.0488164 0.6047747 0.05914697 0.05308633 0.009283649 0.01380668 0.03855971 0.02266145 0.0007834273 0.01678011 0.9224162 0.0001033487 0.0002312967 0.000892673 0.002231511 0.000347667 0.0007505894 1.929282e-06 0.03408105 0.006250381 0.9530718 0.003425877 0.02066032 0.0130957 0.01029137 6.199177e-05 0.002101033 0.005042091 0.005511344 0.03189005 0.05467608 0.0006254418 0.07556954 0.003626328 0.02744201 0.03387901 0.02072115 0.01246298 0.03329251 0.0001037748 0.005800052 0.02557636 0.8488465 0.002312392 0.0803868 0.005372286 0.03223836 0.0008785291 0.04562268 0.0002172248 0.01568493 
38_brape_brAp_PRO_REG|target 0 0 0 0 0 0 0 0 0 0 0 1 0 0 0 0 0 0 0 0 1 0 0 0 0 0 0 0 0 0 1 0 0 0 0 0 0 0 0 0 0 0 0 0 0 0 0 0 0 0 0 0 1 0 0 0 0 0 0 0 0 
39_prape_prAp_PRO_REG|output 0.003899039 0.0001979406 0.00104051 0.0216962 0.001533894 0.0008277147 0.04583614 0.0167583 0.003074797 0.0008753188 0.8143561 0.0063741 0.007025248 0.03200851 0.06114079 0.0235296 0.02172462 0.02094155 0.0009058741 0.009895486 0.879524 4.356915e-05 0.000626702 0.00038462 0.0004534347 0.0001389544 6.017296e-05 5.086901e-07 0.1133365 0.002005451 0.9685429 0.009187667 0.0297626 0.01163904 0.004956104 6.074506e-05 0.001966143 0.008446203 0.002529595 0.06623009 0.02488915 0.0002639548 0.0679514 0.003326002 0.01313372 0.03506151 0.004674372 0.007911558 0.0180622 0.0001917839 0.002182368 0.03162625 0.8596315 0.0007320013 0.09042314 0.009341101 0.009169601 0.001106375 0.02222161 0.0001308052 0.01675671 
39_prape_prAp_PRO_REG|target 0 0 0 0 0 0 0 0 0 0 1 0 0 0 0 0 0 0 0 0 1 0 0 0 0 0 0 0 0 0 1 0 0 0 0 0 0 0 0 0 0 0 0 0 0 0 0 0 0 0 0 0 1 0 0 0 0 0 0 0 0 
40_crot_krOt_PRO_EXC|output 0.02125233 0.0004806861 4.187411e-06 0.01218906 0.0006768163 2.102711e-06 0.04656986 0.005661364 0.005714533 2.115868e-07 0.02793601 0.001253989 0.01479847 0.0684317 0.9899248 0.02674766 0.01084037 0.0275407 3.253364e-05 0.002010756 0.9961965 5.667222e-07 2.307522e-05 0.7552046 0.0004492301 4.810132e-05 0.3182523 3.713192e-05 9.417787e-05 0.01327052 7.639325e-05 1.038562e-05 5.147112e-05 0.1119648 0.002789083 0.003782302 0.01395478 0.002542303 0.004755006 0.008289772 0.00141719 0.0001682608 0.005577391 0.006443803 0.004882579 0.0005057181 0.008151607 0.01902885 0.001283156 6.570413e-07 0.002278001 0.001388124 0.01396727 0.002531798 0.9883898 6.22674e-05 0.001312495 0.01409919 0.0009804656 0.01255744 5.139774e-05 
40_crot_krOt_PRO_EXC|target 0 0 0 0 0 0 0 0 0 0 0 0 0 0 1 0 0 0 0 0 1 0 0 0 0 0 0 0 0 0 0 0 0 1 0 0 0 0 0 0 0 0 0 0 0 0 0 0 0 0 0 0 0 0 1 0 0 0 0 0 0 
41_drot_drOt_PRO_EXC|output 0.0007388548 0.000387084 1.651313e-07 0.008692726 0.0006793948 5.595384e-06 0.03179397 0.007033322 0.01511005 7.98522e-06 0.01459462 0.002885435 0.01408721 0.9740866 0.004063066 0.01263437 0.01644591 0.009446111 0.00074371 0.0001743027 0.9931898 1.133695e-06 5.032317e-06 0.7208828 0.0004682064 0.001328341 0.02710772 0.0001544395 7.875756e-05 0.0112147 0.0001171486 3.240857e-06 0.0005531297 0.09854311 0.0007718995 0.01324561 0.01356839 0.001607973 0.00549654 0.01226309 0.000160177 5.715711e-05 0.001985154 0.01436267 0.006608177 0.0002851803 0.001653367 0.02992493 0.001986284 2.40679e-07 0.001617608 0.006218588 0.0657904 0.0047294 0.9840856 1.94014e-05 0.001978251 0.007591598 0.0003478772 0.001827032 6.889165e-05 
41_drot_drOt_PRO_EXC|target 0 0 0 0 0 0 0 0 0 0 0 0 0 1 0 0 0 0 0 0 1 0 0 0 0 0 0 0 0 0 0 0 0 1 0 0 0 0 0 0 0 0 0 0 0 0 0 0 0 0 0 0 0 0 1 0 0 0 0 0 0 
42_scrot_skrOt_PRO_EXC|output 0.9987895 0.05715198 1.414834e-06 0.01352515 0.0006809271 1.708047e-06 0.01716577 0.004576949 0.001337837 1.125352e-07 0.01784623 0.000390079 0.03271198 0.04074996 0.9905415 0.001258851 0.0180396 0.02042133 4.776897e-07 0.002263672 0.9947655 3.420054e-07 4.176364e-06 0.7454954 0.006611784 0.0001214639 0.6588373 7.23722e-05 8.320363e-05 0.002439445 8.729548e-06 0.0001724645 3.860139e-05 0.05892309 0.00251455 0.009216491 0.02383895 0.002434148 0.01711243 0.0121118 0.0008601865 0.0001800086 0.005824083 0.01153205 0.007423821 0.0004814643 0.01903749 0.007689831 0.000327848 6.169248e-07 0.003433753 0.002917958 0.02058687 0.004532198 0.9799038 2.425417e-05 0.001089703 0.0184419 0.003767912 0.0259755 6.672703e-05 
42_scrot_skrOt_PRO_EXC|target 1 0 0 0 0 0 0 0 0 0 0 0 0 0 1 0 0 0 0 0 1 0 0 0 0 0 0 0 0 0 0 0 0 1 0 0 0 0 0 0 0 0 0 0 0 0 0 0 0 0 0 0 0 0 1 0 0 0 0 0 0 
43_prot_prOt_PRO_EXC|output 0.001048689 5.973148e-05 2.770706e-06 0.01490693 0.000725154 5.958412e-06 0.03951943 0.002684599 0.003618136 1.47018e-06 0.9180372 0.003574745 0.0007783687 0.02169039 0.0145106 0.0189627 0.002527921 0.01680101 0.000585694 0.0008357001 0.9810352 4.863166e-07 6.556373e-05 0.6757571 0.002263627 0.0001222895 0.007450898 0.0002116691 0.0001815413 0.0002511044 0.0006313289 9.247076e-07 1.897532e-05 0.5172427 0.001052282 0.002197288 0.03192646 0.003520271 0.002672589 0.006823709 0.001752658 0.0002648056 0.0037826 0.007501829 0.005943233 0.0003282728 0.0008764723 0.01372132 0.0008286854 3.98342e-06 9.288392e-05 0.002542797 0.01559952 0.001546748 0.9868591 1.085935e-05 0.0004469726 0.02115183 0.0001321252 0.007163332 3.170024e-05 
43_prot_prOt_PRO_EXC|target 0 0 0 0 0 0 0 0 0 0 1 0 0 0 0 0 0 0 0 0 1 0 0 0 0 0 0 0 0 0 0 0 0 1 0 0 0 0 0 0 0 0 0 0 0 0 0 0 0 0 0 0 0 0 1 0 0 0 0 0 0 
44_brell_brEl_PRO_EXC|output 0.002832094 0.0007534904 1.38864e-06 0.006356896 0.0007307529 0.0002279931 0.03106755 0.009012884 0.00356151 4.561376e-05 0.02306091 0.9699592 0.02058139 0.007012659 0.000284087 8.629615e-05 0.006249386 0.01697847 5.919438e-05 0.002178533 0.9735524 1.549108e-06 3.958624e-05 6.147915e-06 0.9996547 0.04308946 0.004408437 0.004398165 4.582251e-05 5.01453e-05 0.011186 0.0002600402 5.376781e-05 0.0003260144 0.02837823 4.856185e-05 0.000995487 0.0002539798 0.9999079 0.01170473 0.00632043 8.822076e-06 0.01815591 0.01270643 0.008532221 0.0006184248 0.003242516 0.003475485 0.0005099278 0.000126692 0.0007147521 0.002353439 0.005042943 0.002945957 0.02256445 0.002841292 0.007122144 0.001174577 0.0003903093 0.01551838 6.935358e-05 
44_brell_brEl_PRO_EXC|target 0 0 0 0 0 0 0 0 0 0 0 1 0 0 0 0 0 0 0 0 1 0 0 0 0 0 0 0 0 0 0 1 0 0 0 0 0 0 1 0 0 0 0 0 0 0 0 0 0 0 0 0 0 0 0 0 0 0 0 0 0 
45_guell_gEl_PRO_EXC|output 4.756983e-05 2.895225e-05 0.0001072915 0.00700004 0.0003858341 0.02733607 0.002594548 0.02730796 6.224501e-05 0.0002720836 0.00557497 0.002699187 0.01534009 0.0081839 0.0008199587 0.8546521 0.01064307 0.04378504 0.02726025 0.006456264 0.01136246 0.03322845 0.02851523 8.111441e-07 0.4485919 9.760115e-05 0.002491603 0.0004747667 3.498428e-07 0.01319411 0.002281824 0.001316814 9.479152e-06 0.0003224851 0.04693909 0.0001578415 0.001737103 0.004265344 0.9997138 0.01130635 0.0005097509 2.430226e-07 0.004917091 0.005883043 0.001156468 0.003807622 0.004398277 0.0005449728 0.002019081 8.097682e-06 0.002567247 0.004446015 0.01417514 0.001039259 0.009645735 0.004718347 0.0008758945 0.00300536 0.001740593 0.0002691397 0.0005593374 
45_guell_gEl_PRO_EXC|target 0 0 0 0 0 0 0 0 0 0 0 0 0 0 0 1 0 0 0 0 0 0 0 0 0 0 0 0 0 0 0 1 0 0 0 0 0 0 1 0 0 0 0 0 0 0 0 0 0 0 0 0 0 0 0 0 0 0 0 0 0 
46_trell_trEl_PRO_EXC|output 0.007497129 0.0001501717 3.977112e-07 0.0151232 0.0004057946 9.157082e-05 0.02618965 0.004694318 0.004149577 0.0006421538 0.006554171 0.02124519 0.9506698 0.01214726 7.261948e-05 0.0001212757 0.005546544 0.02639067 4.578079e-06 0.0005396415 0.967869 1.125352e-07 4.990704e-06 4.240791e-07 0.999415 0.01719947 0.00184418 0.002448998 6.35902e-05 0.0009435581 0.0001674296 0.001891054 4.320027e-05 2.52119e-05 0.1196987 0.001304978 0.001100669 0.0002101208 0.9998657 0.04258485 0.0005867165 5.687694e-06 0.005821549 0.01181669 0.004245047 0.001281027 0.001655536 0.0007836132 0.0005724828 0.0004131335 0.008284363 0.005356959 0.005326102 0.0115399 0.02148798 0.00478728 0.001616094 0.005452845 0.0002156928 0.002481687 1.521875e-05 
46_trell_trEl_PRO_EXC|target 0 0 0 0 0 0 0 0 0 0 0 0 1 0 0 0 0 0 0 0 1 0 0 0 0 0 0 0 0 0 0 1 0 0 0 0 0 0 1 0 0 0 0 0 0 0 0 0 0 0 0 0 0 0 0 0 0 0 0 0 0 
47_thell_TEl_PRO_EXC|output 3.054211e-05 0.01485059 0.002316175 0.02177187 0.0004942383 0.000172437 0.007234237 0.01985304 0.2246521 0.6817061 0.001569435 0.01206316 0.05610015 0.02278078 5.187231e-07 0.0001846335 0.001391287 0.008238296 0.004505394 0.0005809881 0.0121945 0.0004655935 0.0001385304 1.125352e-07 0.9991696 0.03436932 0.005503561 0.005561799 0.0002593822 0.04828491 0.002713057 0.0004758469 1.314557e-05 0.0133866 0.00331633 0.0003354391 0.0001910965 0.003449505 0.9999781 0.01121031 0.001009026 4.259805e-05 0.01858304 0.004448122 0.002989781 0.004175898 0.001304338 0.002577651 0.002817922 3.552873e-05 0.0002699035 0.00529022 0.01918018 0.1696194 0.02218147 0.004501572 0.0007694334 0.0113605 8.620436e-05 0.003037168 2.294404e-05 
47_thell_TEl_PRO_EXC|target 0 0 0 0 0 0 0 0 1 0 0 0 0 0 0 0 0 0 0 0 0 0 0 0 0 0 0 0 0 0 0 1 0 0 0 0 0 0 1 0 0 0 0 0 0 0 0 0 0 0 0 0 0 0 0 0 0 0 0 0 0 
48_clill_klIl_PRO_EXC|output 0.1120779 0.0002079721 0.004387683 0.007207458 0.000546341 7.210182e-05 0.04317677 0.005235968 0.0001141363 7.248914e-05 0.0435573 0.004136129 0.01002549 0.003067171 0.9159029 0.005678348 0.0007686068 0.005916002 6.994311e-05 0.7037288 0.09890273 7.610045e-05 2.486058e-05 6.571571e-05 0.0007964427 0.9739128 0.006480068 0.002059155 7.996446e-06 0.0002205082 1.08971e-05 8.176223e-05 0.2069944 6.291542e-05 0.0009074092 0.001287805 0.05069628 0.003847706 0.9920352 0.02236147 0.0001319616 7.887579e-05 0.007606507 0.004872215 0.0790573 0.003894605 0.002410128 0.03065843 0.0008574059 0.0004676636 0.002222069 0.00350134 0.005786511 0.009063696 0.01866908 0.03275558 0.0005193435 0.001101231 0.00121917 0.00460833 0.0001436245 
48_clill_klIl_PRO_EXC|target 0 0 0 0 0 0 0 0 0 0 0 0 0 0 1 0 0 0 0 1 0 0 0 0 0 0 0 0 0 0 0 0 1 0 0 0 0 0 1 0 0 0 0 0 0 0 0 0 0 0 0 0 0 0 0 0 0 0 0 0 0 
49_thill_TIl_PRO_EXC|output 1.517639e-05 0.01496226 0.00691112 0.01870536 0.0005982518 9.318468e-05 0.004252374 0.005280022 0.398635 0.2333081 0.0007743891 0.03942195 0.06125986 0.02910175 5.303077e-07 0.0005145399 0.00185569 0.01115959 0.00772302 0.0001569788 0.01811843 0.001481113 4.961092e-05 1.487133e-06 0.0008723731 0.9831963 0.02302806 0.001175454 2.326086e-05 0.002326133 0.0001915685 6.819547e-05 0.01213105 0.002608336 9.151643e-05 0.003917469 0.005306701 0.01534248 0.999736 0.007587051 0.0005035967 0.0001052997 0.01465082 0.002153668 0.02075947 0.004518489 0.001370706 0.01343112 0.00194078 1.3141e-05 0.0001750879 0.004349455 0.01557239 0.1306171 0.03015024 0.009055932 0.0004317803 0.006749976 0.0001998756 0.006938961 7.313947e-05 
49_thill_TIl_PRO_EXC|target 0 0 0 0 0 0 0 0 1 0 0 0 0 0 0 0 0 0 0 0 0 0 0 0 0 0 0 0 0 0 0 0 1 0 0 0 0 0 1 0 0 0 0 0 0 0 0 0 0 0 0 0 0 0 0 0 0 0 0 0 0 
50_psill_sIl_PRO_EXC|output 0.9995658 0.002511272 0.0005179706 0.02425485 0.0005740412 0.0004481082 0.02748454 0.001414235 6.803235e-06 1.136863e-05 0.7384278 0.004183619 0.00155275 0.006091566 0.0004897619 4.392985e-07 0.00101065 0.01572246 6.252209e-06 0.001049649 0.01103854 0.001279189 9.723996e-05 0.003305613 0.01840374 0.9915831 0.003466618 0.003399081 1.849282e-06 2.242025e-05 1.856766e-05 0.0001441168 0.003790251 3.581694e-05 0.0001508626 0.0002275087 0.04829766 0.007131727 0.9969266 0.005951555 0.0004950926 0.0001063302 0.006790376 0.006295437 0.02747458 0.003670535 0.0008433122 0.007748524 8.414427e-05 0.0003241369 0.00030252 0.01174618 0.004585899 0.002558407 0.03554957 0.002537713 0.0002524622 0.005315633 0.0002890253 0.007442517 0.0002316487 
50_psill_sIl_PRO_EXC|target 1 0 0 0 0 0 0 0 0 0 0 0 0 0 0 0 0 0 0 0 0 0 0 0 0 0 0 0 0 0 0 0 1 0 0 0 0 0 1 0 0 0 0 0 0 0 0 0 0 0 0 0 0 0 0 0 0 0 0 0 0 
51_zill_zIl_PRO_EXC|output 0.00626316 0.002715652 0.0003949185 0.7988555 0.0006938451 0.001774426 0.0629498 0.002727517 0.001324882 2.539883e-05 0.007757314 0.01311177 0.008347336 0.01091734 4.768795e-07 1.195952e-05 0.005656395 0.05036346 0.002866979 0.001511157 0.02414484 0.0003419396 0.0009258832 0.001014542 0.002025749 0.9990235 0.000407064 0.002683259 3.158057e-05 1.196795e-05 2.914261e-07 0.001806923 4.76194e-05 0.0001730993 9.024089e-05 0.0005567604 0.01240792 0.00241124 0.9998493 0.02241202 4.999957e-05 0.0005002186 0.01132361 0.009949234 0.002734255 0.02158363 0.00639702 0.0171175 0.0001337589 0.001353914 0.0001983517 0.001138423 0.02166064 0.1056068 0.02722169 0.0008864735 0.0003897111 0.01011976 0.0001016119 0.001114343 6.789478e-05 
51_zill_zIl_PRO_EXC|target 0 0 0 1 0 0 0 0 0 0 0 0 0 0 0 0 0 0 0 0 0 0 0 0 0 0 0 0 0 0 0 0 1 0 0 0 0 0 1 0 0 0 0 0 0 0 0 0 0 0 0 0 0 0 0 0 0 0 0 0 0 
52_kest_kEst_PRO_EXC|output 0.1109141 3.852783e-05 0.0003898564 0.002751911 0.000635375 0.008256111 0.02196878 0.1289268 4.736352e-06 0.0003389067 0.01563694 0.0004653553 0.004765683 0.0411055 0.7599638 0.0001353925 0.06541766 0.04691871 0.0009033772 0.1023875 0.01379991 0.009601315 0.003855888 0.0001758089 0.8754783 0.001286203 7.257573e-05 0.0005779604 0.01430015 0.05363802 1.586665e-05 0.5569804 6.193599e-05 3.819252e-07 0.001410222 7.989616e-05 0.0004769158 0.01278017 0.003456373 0.007024303 0.001275465 1.068992e-05 0.0007880583 0.00532082 0.0007720452 0.003666533 0.03250702 0.03184697 0.967867 0.0001047799 0.001433364 0.0009336603 0.01211877 0.01403662 0.9943655 0.0001515784 0.0004901673 0.0009833769 0.0002141723 0.0001915949 0.0003361529 
52_kest_kEst_PRO_EXC|target 0 0 0 0 0 0 0 0 0 0 0 0 0 0 1 0 0 0 0 0 0 0 0 0 0 0 0 0 0 0 0 1 0 0 0 0 0 0 0 0 0 0 0 0 0 0 0 0 1 0 0 0 0 0 1 0 0 0 0 0 0 
53_grest_grEst_PRO_EXC|output 0.0001801723 4.744173e-06 1.431009e-06 0.001920221 0.0005148219 0.04156823 0.01051675 0.00936726 0.002860824 0.0002166395 0.03671128 0.00132306 0.06001372 0.01507405 0.001666495 0.9921709 0.010949 0.01831253 0.001388166 0.005594577 0.9831678 1.757778e-06 3.3947e-05 2.745553e-05 0.9455858 0.001144606 0.0004447103 0.0001691339 0.002622661 0.002485235 0.05026331 0.003536839 0.001278041 0.0003622259 0.002868588 9.663349e-05 0.001129556 0.0008637083 0.04287762 0.01563471 0.002785565 5.309066e-06 0.0005059992 0.005027205 0.0003009329 0.006025764 0.02230242 0.005991543 0.999749 0.0002224862 0.0005176005 0.001870548 0.08449128 0.0004151707 0.9822499 0.0007045961 0.0006481561 0.002969965 0.002528897 0.0002118375 0.0007927862 
53_grest_grEst_PRO_EXC|target 0 0 0 0 0 0 0 0 0 0 0 0 0 0 0 1 0 0 0 0 1 0 0 0 0 0 0 0 0 0 0 1 0 0 0 0 0 0 0 0 0 0 0 0 0 0 0 0 1 0 0 0 0 0 1 0 0 0 0 0 0 
54_plest_plEst_PRO_EXC|output 0.02020708 9.530962e-05 0.0003607341 0.01055665 0.000626367 0.002259452 0.01556862 0.02288547 1.516457e-06 0.009040352 0.9551458 0.002381629 0.0003115471 0.001422122 0.003381662 0.0004044352 0.00246481 0.004116589 0.001209188 0.9634545 0.004515191 7.914454e-05 0.000160144 1.263835e-05 0.9719554 0.003550458 8.749283e-06 0.0005598376 0.03422913 0.0002015884 0.0003292381 0.04773084 0.0004709252 3.276973e-05 0.002383937 0.001933041 0.002263715 0.003876003 0.006600763 0.01126511 0.007044008 1.563784e-05 0.0008482186 0.004792763 0.0005741254 0.02188952 0.005607611 0.08273432 0.9945866 0.005264686 4.491493e-05 0.001375566 0.01369467 0.002673454 0.9552739 0.0002323211 0.0002454083 0.00159352 0.0004358927 0.0008757067 0.0002290387 
54_plest_plEst_PRO_EXC|target 0 0 0 0 0 0 0 0 0 0 1 0 0 0 0 0 0 0 0 1 0 0 0 0 0 0 0 0 0 0 0 1 0 0 0 0 0 0 0 0 0 0 0 0 0 0 0 0 1 0 0 0 0 0 1 0 0 0 0 0 0 
55_trest_trEst_PRO_EXC|output 0.006332522 2.910656e-05 1.815973e-07 0.005160671 0.0004862119 0.0003522635 0.01518141 0.003825556 0.005205695 0.001619784 0.003220249 0.00428897 0.9909637 0.0160984 0.0001555484 0.001480938 0.01508818 0.02357351 5.500242e-06 0.001887177 0.9846228 1.125352e-07 5.117056e-06 6.224807e-07 0.993355 0.000909276 0.0001777116 7.040645e-05 0.0009369539 0.04328295 0.0003840378 0.07724715 0.0006442994 1.626705e-05 0.02730345 0.001124646 0.0006994272 0.0004033126 0.02942059 0.03551982 0.003229817 2.004741e-05 0.0004036895 0.003564443 0.0007202476 0.004534564 0.01681076 0.002177746 0.9771054 0.0007122071 0.0019234 0.001075425 0.03202884 0.01215086 0.9789397 0.0001544921 0.002091481 0.008398559 0.0007447412 0.0003194962 6.798697e-05 
55_trest_trEst_PRO_EXC|target 0 0 0 0 0 0 0 0 0 0 0 0 1 0 0 0 0 0 0 0 1 0 0 0 0 0 0 0 0 0 0 1 0 0 0 0 0 0 0 0 0 0 0 0 0 0 0 0 1 0 0 0 0 0 1 0 0 0 0 0 0 
56_bloce_blo_PRO_EXC|output 0.0004358092 0.003073733 2.525012e-05 0.01516148 0.001408538 2.15396e-05 0.01958453 0.01104326 0.0001829035 0.004116909 0.01748172 0.8725269 0.003768972 0.006101876 0.0008248731 5.152839e-05 0.01218901 0.004933969 0.00338695 0.9521704 0.02280104 0.001661951 8.390734e-05 0.04801758 2.067253e-05 4.461467e-07 0.004574785 8.510448e-06 6.07967e-07 0.002577024 0.0066012 6.319262e-05 0.004598987 0.916343 0.1963999 0.001112429 0.03435951 0.01691369 0.004453865 0.002032243 0.01130409 3.777665e-05 0.06553338 0.0007037129 0.01461199 0.007451117 0.0401972 0.009535826 0.8309213 0.0008514659 0.0006153341 0.003587755 0.006659446 0.1445444 0.01506981 0.007430571 0.02268908 4.590272e-06 0.007262669 0.003004135 0.002933423 
56_bloce_blo_PRO_EXC|target 0 0 0 0 0 0 0 0 0 0 0 1 0 0 0 0 0 0 0 1 0 0 0 0 0 0 1 0 0 0 0 0 0 0 0 0 0 0 0 0 0 0 0 0 0 0 0 0 0 0 0 0 0 0 0 0 0 0 0 0 0 
57_krace_kro_PRO_EXC|output 0.001466365 0.0001039973 2.045872e-05 0.00161712 0.0009247477 2.458347e-05 0.0790814 0.01766981 0.0003388955 3.002326e-05 0.02487339 0.0006091076 0.005992827 0.1001146 0.994414 0.01167954 0.04348128 0.02027728 3.325673e-05 0.01085686 0.9931056 3.843333e-06 7.032995e-05 3.760882e-06 4.535884e-05 1.563468e-06 0.000138282 1.125352e-07 0.4350831 9.970541e-05 0.9357296 0.09283417 0.0006123468 0.001025084 0.001273716 4.625616e-05 0.001705149 0.001677869 0.0001007876 0.006292395 0.007769214 5.483483e-06 0.03233317 0.0005948087 0.004370664 0.001009197 0.03382589 0.002611211 0.9631467 0.000163778 0.01228926 0.003417494 0.01515713 0.01563707 0.1044272 0.01928327 0.006383178 3.006651e-06 0.002608909 0.0002640482 0.001808161 
57_krace_kro_PRO_EXC|target 0 0 0 0 0 0 0 0 0 0 0 0 0 0 1 0 0 0 0 0 1 0 0 0 0 0 1 0 0 0 0 0 0 0 0 0 0 0 0 0 0 0 0 0 0 0 0 0 0 0 0 0 0 0 0 0 0 0 0 0 0 
58_clace_klo_PRO_EXC|output 0.08220659 0.000233762 0.002257151 0.002749183 0.0007924463 1.943966e-05 0.0378508 0.03563337 1.282344e-05 0.0009571873 0.04847432 0.0007701589 0.01495894 0.00309953 0.9963722 0.001566814 0.007240547 0.002778279 1.124913e-05 0.9553964 0.05213793 0.0005861866 0.0005531218 8.800605e-06 4.792225e-05 3.387303e-06 0.0003689699 2.218961e-07 0.05686897 1.80679e-06 0.9864919 0.003917785 0.00266121 0.000189676 0.003929899 5.314366e-05 0.002732238 0.01540255 1.324026e-05 0.004045794 0.02615931 1.063831e-05 0.02111112 0.0001588751 0.005664263 0.004575646 0.05463538 0.005885169 0.9912422 1.688759e-05 0.002979551 0.008745645 0.00458254 0.05117384 0.0223597 0.04693649 0.002105233 2.624e-06 0.009863991 0.0006455409 0.004734098 
58_clace_klo_PRO_EXC|target 0 0 0 0 0 0 0 0 0 0 0 0 0 0 1 0 0 0 0 1 0 0 0 0 0 0 1 0 0 0 0 0 0 0 0 0 0 0 0 0 0 0 0 0 0 0 0 0 0 0 0 0 0 0 0 0 0 0 0 0 0 
59_vrace_vro_PRO_EXC|output 0.0001225178 0.0005035093 2.696249e-06 0.008620967 0.001358998 5.62618e-05 0.0161359 0.7491317 0.002446958 0.002100283 0.02734231 0.005596896 0.04068618 0.04535027 0.02591012 0.01394236 0.0240429 0.02639557 0.0001782739 0.01555407 0.9836922 1.557396e-06 0.0003035928 5.586533e-06 0.00177936 2.301171e-07 0.0003214666 1.357534e-07 0.05051017 3.080129e-05 0.9912763 0.0007804884 0.0106038 0.004515863 0.01340397 0.0002598862 0.002569411 0.002190374 0.001931265 0.01403412 0.03175744 6.233016e-07 0.09734514 0.0003957306 0.002307686 0.0008975841 0.04621264 0.001805007 0.9935474 8.427895e-05 0.002516744 0.005282868 0.009659948 0.01323958 0.2210338 0.005414091 0.02515526 5.022853e-06 0.001957904 0.00017949 0.000863519 
59_vrace_vro_PRO_EXC|target 0 0 0 0 0 0 0 1 0 0 0 0 0 0 0 0 0 0 0 0 1 0 0 0 0 0 1 0 0 0 0 0 0 0 0 0 0 0 0 0 0 0 0 0 0 0 0 0 0 0 0 0 0 0 0 0 0 0 0 0 0 
60_pank_pank_PRO_EXC|output 0.005183503 3.868995e-06 0.01734163 0.03173227 0.0008335972 0.0006128378 0.02699808 0.0007352397 0.0002296944 0.0001950397 0.9069159 0.01970402 0.0005039093 0.01666732 0.003947274 1.42643e-05 0.0123941 0.01109316 0.0008506225 0.01115942 0.0374939 0.0005862134 0.005395491 0.01210627 0.001182905 0.004158631 0.0006170343 2.347771e-06 0.996672 0.0004214676 0.02746587 0.0007198194 1.696708e-05 6.963271e-05 1.153833e-05 0.0004066381 0.0003074759 0.004945215 1.205332e-07 0.003831357 0.0218372 0.8931777 0.009633334 0.001416803 0.005955178 0.001004495 0.004866974 0.006851538 9.412939e-05 4.344741e-05 0.0002630906 0.004343372 0.001313642 0.983281 0.03113212 0.0005086423 0.0001472379 0.00985054 7.758626e-05 0.0004619464 0.0003500393 
60_pank_pank_PRO_EXC|target 0 0 0 0 0 0 0 0 0 0 1 0 0 0 0 0 0 0 0 0 0 0 0 1 0 0 0 0 0 0 0 0 0 0 0 0 0 0 0 0 1 0 0 0 0 0 0 0 0 0 0 0 0 1 0 0 0 0 0 0 0 
61_slank_slank_PRO_EXC|output 0.9028098 0.0009905947 0.0001455233 0.008591593 0.0006169296 2.931171e-05 0.01983051 0.0008002594 1.012455e-05 0.000179323 0.0290506 0.0009654157 0.001359765 0.003599833 0.2089249 2.520361e-05 0.004963084 0.002720817 2.144826e-06 0.9625417 0.02492291 0.0001698423 3.579321e-05 0.0004445217 0.006478331 0.02478156 0.0006618858 1.125352e-07 0.9943622 0.005907406 0.00322623 0.0005738677 4.697549e-06 9.957248e-05 4.400278e-05 0.0002301659 0.0004071117 0.00268222 1.125352e-07 0.002160601 0.01835149 0.9346516 0.02205418 0.001239973 0.02164937 0.0007408021 0.01270559 0.001054719 0.0001145668 0.000130391 0.005851043 0.006661907 0.0002455651 0.9789603 0.001406174 0.001275575 0.0002090353 0.001269403 0.0004766549 0.0003948669 0.0001913138 
61_slank_slank_PRO_EXC|target 1 0 0 0 0 0 0 0 0 0 0 0 0 0 0 0 0 0 0 1 0 0 0 1 0 0 0 0 0 0 0 0 0 0 0 0 0 0 0 0 1 0 0 0 0 0 0 0 0 0 0 0 0 1 0 0 0 0 0 0 0 
62_glank_slank_PRO_EXC|output 3.943868e-05 4.035964e-06 0.002552818 0.002080605 0.0005567721 0.004267673 0.009330746 0.001830302 0.001318597 0.003844165 0.008433935 0.00271529 0.004451227 0.006055791 0.06640346 0.9275799 0.001990749 0.002910061 0.002798155 0.953206 0.06016938 0.0003142738 8.589141e-05 0.0002264333 0.0007426272 0.02741504 0.003196998 2.016026e-07 0.993032 0.01352426 0.03945783 0.0001983335 0.0001495903 1.56204e-05 1.959879e-05 2.996539e-05 0.0002414611 0.004067128 1.125352e-07 0.002003486 0.01756859 0.918673 0.03058027 0.001164996 0.003634552 0.001160161 0.02168622 0.001639876 0.001889003 7.207629e-06 0.008635944 0.01175959 0.00056537 0.9923911 0.003521475 0.004079132 6.819541e-05 0.0008121987 0.0002215522 0.0003045451 0.0007178533 
62_glank_slank_PRO_EXC|target 1 0 0 0 0 0 0 0 0 0 0 0 0 0 0 0 0 0 0 1 0 0 0 1 0 0 0 0 0 0 0 0 0 0 0 0 0 0 0 0 1 0 0 0 0 0 0 0 0 0 0 0 0 1 0 0 0 0 0 0 0 
63_brank_brank_PRO_EXC|output 0.0004191003 1.575501e-05 6.546009e-05 0.004216457 0.001093212 6.299833e-06 0.009079978 0.0005374849 0.0035766 4.221862e-05 0.02172151 0.9505125 0.01548918 0.01707698 0.002161049 0.0002298383 0.005829315 0.02837345 9.59754e-05 0.008137016 0.972999 7.050482e-06 1.232285e-05 0.001436518 0.003080582 0.02577852 0.0303679 3.212058e-07 0.9770676 0.02884456 0.1156929 8.765302e-06 1.512942e-05 4.505491e-05 3.832982e-07 0.000139285 0.0005218952 0.0005174984 1.038246e-06 0.001069481 0.08240013 0.8736475 0.03668731 0.0007620589 0.01028252 0.0005668123 0.01651369 0.004116694 0.001182725 8.131561e-06 0.001049578 0.00428339 0.0008647434 0.9604536 0.0154051 0.0006686769 0.00103537 0.002870618 0.0002491204 0.003102119 0.0001922827 
63_brank_brank_PRO_EXC|target 0 0 0 0 0 0 0 0 0 0 0 1 0 0 0 0 0 0 0 0 1 0 0 1 0 0 0 0 0 0 0 0 0 0 0 0 0 0 0 0 1 0 0 0 0 0 0 0 0 0 0 0 0 1 0 0 0 0 0 0 0 
64_veam_vem_PRO_EXC|output 0.003844169 2.160156e-05 0.01138128 0.04626346 0.0008666943 0.006517895 0.002311163 0.7906124 1.460342e-05 0.01802638 0.007027723 0.00922639 0.03494101 0.03404293 0.0003859996 8.066847e-05 0.002808283 0.04843523 0.0030285 0.06480753 0.006029186 0.001836519 0.02393175 0.002695621 0.1604268 8.284e-05 1.125352e-07 0.0001960473 0.008487097 0.0001106025 0.02388586 0.8086384 0.0003679077 4.755079e-05 0.0002631949 1.298353e-05 3.423586e-05 0.04521302 0.00657285 0.9718817 0.0002745816 1.474924e-06 0.001166833 0.001738175 0.02678975 0.0006938491 0.0001886087 0.0005134331 6.14741e-06 0.0006943849 0.0009249689 0.01480086 0.00627374 0.003427861 0.002098706 0.001258826 0.01149813 0.03634047 0.0004589937 0.0002250957 3.848814e-05 
64_veam_vem_PRO_EXC|target 0 0 0 0 0 0 0 1 0 0 0 0 0 0 0 0 0 0 0 0 0 0 0 0 1 0 0 0 0 0 0 0 0 0 0 0 0 0 0 1 0 0 0 0 0 0 0 0 0 0 0 0 0 0 0 0 0 0 0 0 0 
65_frem_frem_PRO_EXC|output 0.04165707 0.007552098 0.01162365 0.04892222 0.003711095 0.008891907 0.6698836 0.06415757 0.02066218 0.00635827 0.03786125 0.01853917 0.1254169 0.07785379 0.05107617 0.02407445 0.02939143 0.08399468 0.01630644 0.1051842 0.6786764 0.001334526 0.008476911 0.003634283 0.6306307 0.03576225 0.001728403 0.02886527 0.05564948 0.1481077 0.05913646 0.08419182 0.00968904 0.01641433 0.09598958 0.009547696 0.01056459 0.02531337 0.0964201 0.5219005 0.01419091 0.005570836 0.02701906 0.05920797 0.05107183 0.02820606 0.03644799 0.01029747 0.01084819 0.04400525 0.05311596 0.05447281 0.09395879 0.04757811 0.05337278 0.055923 0.02003366 0.08555583 0.01543659 0.01627755 0.004300164 
65_frem_frem_PRO_EXC|target 0 0 0 0 0 0 1 0 0 0 0 0 0 0 0 0 0 0 0 0 1 0 0 0 1 0 0 0 0 0 0 0 0 0 0 0 0 0 0 1 0 0 0 0 0 0 0 0 0 0 0 0 0 0 0 0 0 0 0 0 0 
66_keam_kem_PRO_EXC|output 0.06412275 1.071551e-05 0.09995942 0.006693047 0.0005835433 0.003302083 0.0121417 0.03126249 6.562818e-06 0.0005025326 0.004443964 0.001326998 0.008266628 0.03383808 0.7185203 0.0001549684 0.002992853 0.04760253 0.0002641983 0.05494069 0.01835723 0.01343506 0.00287365 0.001776251 0.007474073 0.0003371582 1.125352e-07 3.245079e-05 0.01577106 0.002680863 0.006641893 0.9936393 5.362674e-05 2.793385e-05 5.512425e-06 4.327783e-07 1.674464e-05 0.07146953 0.0006054468 0.9738231 5.412772e-05 1.164322e-05 0.0006068737 0.004212327 0.02118392 0.0008775946 0.0001170682 0.0005339971 1.549989e-06 0.0009378346 0.002081693 0.01795427 0.01074574 0.006824724 0.002012357 0.00289906 0.003673996 0.01603851 0.0006112366 0.000353072 0.0001827665 
66_keam_kem_PRO_EXC|target 0 0 0 0 0 0 0 0 0 0 0 0 0 0 1 0 0 0 0 0 0 0 0 0 1 0 0 0 0 0 0 0 0 0 0 0 0 0 0 1 0 0 0 0 0 0 0 0 0 0 0 0 0 0 0 0 0 0 0 0 0 
67_peam_pem_PRO_EXC|output 0.05649901 2.654473e-06 0.03073103 0.01255453 0.0006040444 0.006167569 0.004434616 0.01272055 9.999999e-07 0.001007267 0.9134678 0.01525395 0.000897945 0.01277848 0.0002621109 8.269758e-06 0.0007226374 0.01913019 0.0007929147 0.03355772 0.005199071 0.0004855255 0.006453769 0.0005141873 0.05282142 0.0002090754 1.125352e-07 0.0002946053 0.01426696 1.478073e-05 0.0334403 0.9602715 7.73959e-05 1.839404e-05 5.506286e-05 3.186567e-05 1.491632e-05 0.02612513 0.001404529 0.9459679 0.0003206218 8.215567e-06 0.0004493573 0.002959521 0.02170928 0.001126828 1.855625e-05 0.0005410665 2.388544e-06 0.003233581 5.801758e-05 0.0233905 0.005464162 0.0007726332 0.001126565 0.002435017 0.003406202 0.1302883 0.0009093428 0.0005894883 9.283363e-05 
67_peam_pem_PRO_EXC|target 0 0 0 0 0 0 0 0 0 0 1 0 0 0 0 0 0 0 0 0 0 0 0 0 1 0 0 0 0 0 0 0 0 0 0 0 0 0 0 1 0 0 0 0 0 0 0 0 0 0 0 0 0 0 0 0 0 0 0 0 0 
68_bipe_bip_PRO_EXC|output 0.001770951 7.761113e-05 0.0002918728 0.009894084 0.0009624438 0.02232747 0.004625537 0.02422618 0.0003046746 0.0006998739 0.02845361 0.962604 0.0361347 0.02761361 1.427898e-05 1.360754e-05 0.04098302 0.02109717 0.001628828 0.01174809 0.03150619 0.01129749 0.0009010853 2.668784e-05 1.737301e-06 0.05417508 4.577392e-07 2.343968e-06 1.050189e-06 6.923333e-05 0.2085143 0.002954465 0.9889337 4.925656e-05 0.02218923 3.234182e-06 0.008122619 0.00766933 0.02966585 0.01281392 0.03069316 1.811757e-05 0.03913901 0.0003355123 0.05419829 0.05308153 0.01027654 0.004671116 0.004361867 4.17213e-07 5.403742e-05 0.01199446 0.9723588 0.0002847625 0.03478387 0.002236175 0.03494368 0.0002525364 0.04556541 5.526179e-06 0.01471267 
68_bipe_bip_PRO_EXC|target 0 0 0 0 0 0 0 0 0 0 0 1 0 0 0 0 0 0 0 0 0 0 0 0 0 1 0 0 0 0 0 0 0 0 0 0 0 0 0 0 0 0 0 0 0 0 0 0 0 0 0 0 1 0 0 0 0 0 0 0 0 
69_shripe_shrip_PRO_EXC|output 0.0001717089 0.9492641 0.0001367634 0.0113497 0.0006215377 0.0006022376 0.02156038 0.002004615 0.0881971 0.0001340336 0.0001811341 0.003735153 0.0003403236 0.00534427 0.0002979835 0.0006998359 0.01317081 0.007634851 0.00727354 0.009069439 0.9742073 8.027658e-07 1.261086e-05 1.279452e-06 4.30284e-07 0.01041347 1.125352e-07 1.610575e-07 0.0001470625 8.771897e-05 0.009909407 0.3585083 0.9329095 0.002060839 0.5378811 1.125352e-07 0.009346152 0.0033016 0.006995056 0.07918001 0.02794313 3.300643e-05 0.08954071 0.0002412726 0.04251414 0.04360671 0.003219199 0.000683707 0.001038607 0.0001960536 0.002157704 0.04893127 0.9766494 5.987075e-05 0.004076646 0.01044341 0.01019095 2.985423e-05 0.048779 1.690822e-05 0.00159243 
69_shripe_shrip_PRO_EXC|target 1 0 0 0 0 0 0 0 0 0 0 0 0 0 0 0 0 0 1 0 1 0 0 0 0 1 0 0 0 0 0 0 0 0 0 0 0 0 0 0 0 0 0 0 0 0 0 0 0 0 0 0 1 0 0 0 0 0 0 0 0 
70_gipe_gip_PRO_EXC|output 6.901395e-05 8.251229e-06 0.0003837743 0.005794896 0.0005652859 0.4014025 0.0009583444 0.0370649 0.00132125 0.0001773399 0.01078045 0.001822834 0.03311827 0.01998738 4.988884e-05 0.5396879 0.02856209 0.01556427 0.01267056 0.003547763 0.09968527 0.002986523 0.001916717 1.125352e-07 1.720768e-06 0.1384594 2.283293e-07 5.140055e-07 1.738717e-05 2.856329e-05 0.1256882 0.0007359603 0.9125126 0.0001760166 0.0007225788 2.667723e-06 0.005686182 0.00683046 0.04289312 0.01798453 0.008124478 3.596413e-06 0.03455754 0.0004600905 0.008372152 0.06025578 0.006355848 0.0006280528 0.02920021 4.248936e-07 0.0009527172 0.03168688 0.9515192 0.0001089995 0.009621332 0.008777292 0.004530356 8.529615e-05 0.01573114 3.25442e-06 0.02536749 
70_gipe_gip_PRO_EXC|target 0 0 0 0 0 0 0 0 0 0 0 0 0 0 0 1 0 0 0 0 0 0 0 0 0 1 0 0 0 0 0 0 0 0 0 0 0 0 0 0 0 0 0 0 0 0 0 0 0 0 0 0 1 0 0 0 0 0 0 0 0 
71_thipe_Tip_PRO_EXC|output 3.083367e-05 0.003609846 0.03335275 0.03053744 0.00061578 0.01526801 0.002243797 0.03054636 0.5966833 0.3442678 0.001951968 0.00351131 0.1154096 0.01483577 7.506197e-06 0.0005758928 0.003419456 0.004785786 0.004153957 0.0005657048 0.02969172 0.001213606 0.0001460707 6.106167e-07 1.878055e-06 0.004598017 3.383098e-07 6.889398e-07 1.296647e-05 9.851433e-05 0.2307614 0.002169732 0.8871872 0.01322653 0.002524849 1.433075e-05 0.003653457 0.0842461 0.07617153 0.04239082 0.01621222 2.087821e-05 0.04458304 0.0005039934 0.02107739 0.1137914 0.0004614042 0.001811458 0.001338413 2.117883e-05 0.0004517715 0.0107118 0.9947217 0.0005243435 0.01168224 0.002723028 0.01101029 0.0002246236 0.001388251 2.266254e-06 0.0190297 
71_thipe_Tip_PRO_EXC|target 0 0 0 0 0 0 0 0 1 0 0 0 0 0 0 0 0 0 0 0 0 0 0 0 0 1 0 0 0 0 0 0 0 0 0 0 0 0 0 0 0 0 0 0 0 0 0 0 0 0 0 0 1 0 0 0 0 0 0 0 0 
72_chust_CUst_PRO_EXC|output 7.265121e-05 0.2538767 0.3567646 0.005347886 0.0007005386 0.0001623962 0.01549735 0.03785225 0.0009621503 0.0006152532 0.002302587 0.001153233 5.324806e-05 0.01238354 0.20291 0.0006446637 0.001875058 0.03536809 0.01759145 0.04539612 0.01438175 0.0487288 0.0007179258 0.0002614475 0.001376906 2.933492e-05 0.006618051 0.01523996 0.0002677053 0.9944721 7.964882e-07 2.305059e-05 0.002526976 0.0002486894 0.02879104 0.002809918 0.002646326 0.02855055 0.006544787 0.008536805 0.00392361 7.48668e-05 0.0008246318 0.001987925 0.001872415 0.007716526 0.02450234 0.02872903 0.9807374 0.000155336 0.00028902 0.0007750188 0.01881112 0.003159032 0.9795367 0.0004091648 0.0002494306 0.009121051 0.0004595265 0.008763853 6.886722e-05 
72_chust_CUst_PRO_EXC|target 0 0 1 0 0 0 0 0 0 0 0 0 0 0 0 0 0 0 0 0 0 0 0 0 0 0 0 0 0 0 0 0 0 0 1 0 0 0 0 0 0 0 0 0 0 0 0 0 1 0 0 0 0 0 1 0 0 0 0 0 0 
73_pust_pUst_PRO_EXC|output 0.00128243 0.0001040056 0.0002568139 0.02251659 0.0007361693 0.00168463 0.01050084 0.03485765 2.565322e-05 0.0006463992 0.9712154 0.00384722 0.0002987148 0.004814446 0.0004407651 0.0003677619 0.002582415 0.05809704 0.004745088 0.02200395 0.009381112 0.01264737 0.007014639 0.00249555 0.00026745 0.001515566 2.501728e-05 0.6484624 0.0003217064 0.7947047 1.034445e-05 0.0001592351 3.614931e-05 5.068347e-05 0.001066981 0.04036801 0.001611848 0.01727879 0.003992578 0.01141508 0.004104479 0.000172781 0.0004896391 0.003667735 0.00146365 0.006056951 0.005605304 0.1067444 0.9968581 0.0005713005 9.375708e-06 0.0006562303 0.006428606 0.002271668 0.9872342 0.0001486904 0.000181577 0.003616847 0.0001245201 0.007408202 0.0001546415 
73_pust_pUst_PRO_EXC|target 0 0 0 0 0 0 0 0 0 0 1 0 0 0 0 0 0 0 0 0 0 0 0 0 0 0 0 0 0 0 0 0 0 0 1 0 0 0 0 0 0 0 0 0 0 0 0 0 1 0 0 0 0 0 1 0 0 0 0 0 0 
74_tust_tUst_PRO_EXC|output 0.00112951 5.20068e-05 1.14012e-05 0.04244521 0.0005575866 0.0002615891 0.00589098 0.01016403 0.001711091 0.01077819 0.004008416 0.00498062 0.9430721 0.02233589 5.957363e-05 0.0003482678 0.008103817 0.03069416 3.385464e-05 0.01051271 0.01275841 0.001163477 0.0002159016 0.000431387 0.0008481127 0.008032364 0.003840037 0.05421076 3.672238e-05 0.9973781 1.125352e-07 3.815081e-05 2.143714e-05 1.184989e-06 0.07287785 0.007472602 0.001227292 0.009163158 0.006043915 0.01801723 0.0008728312 0.0003782584 0.0003121105 0.005764241 0.0008348564 0.01401488 0.01705737 0.02856865 0.9982946 6.039671e-05 0.0002868273 0.0003315561 0.01324893 0.01190488 0.985642 0.0001365714 0.0002548681 0.01636797 0.0001900986 0.003303672 3.221147e-05 
74_tust_tUst_PRO_EXC|target 0 0 0 0 0 0 0 0 0 0 0 0 1 0 0 0 0 0 0 0 0 0 0 0 0 0 0 0 0 0 0 0 0 0 1 0 0 0 0 0 0 0 0 0 0 0 0 0 1 0 0 0 0 0 1 0 0 0 0 0 0 
75_drust_drUst_PRO_EXC|output 0.0003047039 0.0005960072 1.125352e-07 0.002349177 0.0006368549 4.625452e-05 0.01138275 0.008912252 0.009068701 5.000767e-05 0.005558498 0.001688852 0.01775626 0.8593136 0.001994806 0.005716625 0.01314208 0.007994028 0.0001285035 0.0005031106 0.9946831 1.21504e-05 3.241572e-05 2.739285e-05 0.03743743 0.05520615 0.0003775638 0.01273256 0.0002418394 0.9920053 1.872121e-05 8.424893e-07 0.0001246187 1.857375e-06 0.01320164 0.03599039 0.0003523206 0.000577007 0.007631145 0.009574347 0.000948917 7.940103e-05 0.0008285259 0.006969882 0.0007356735 0.001127203 0.01276861 0.02114502 0.9966874 1.131958e-05 0.001506596 0.0007579728 0.04937574 0.001808007 0.9871056 7.295606e-05 0.001473009 0.000653934 0.0003226253 0.002172567 0.0001202337 
75_drust_drUst_PRO_EXC|target 0 0 0 0 0 0 0 0 0 0 0 0 0 1 0 0 0 0 0 0 1 0 0 0 0 0 0 0 0 0 0 0 0 0 1 0 0 0 0 0 0 0 0 0 0 0 0 0 1 0 0 0 0 0 1 0 0 0 0 0 0 
76_zuff_zUf_PRO_EXC|output 6.009222e-05 0.001933893 5.693012e-05 0.3299122 0.0008743136 3.504654e-05 0.008449558 0.006574519 0.001927535 9.721291e-06 0.004360111 0.01156756 0.008851957 0.005742758 8.257714e-05 0.0006091494 0.03477926 0.0208576 0.00280579 0.02228363 0.03040519 0.0005504642 0.02013859 0.0006194313 0.000124444 0.08420064 0.0002101693 0.002386944 0.1039632 0.8565826 1.125352e-07 0.0007066046 3.874079e-07 6.626362e-05 0.00124716 0.00274722 7.807127e-05 0.0017284 0.0003016804 0.08115178 2.808271e-05 0.05217325 0.0005072774 0.04936473 0.0002635761 0.004060315 0.001850315 0.0007598393 1.628713e-05 2.665033e-05 0.9904202 0.002946977 0.005947516 0.0970255 0.009481612 0.0002008199 0.001353426 0.01472477 0.0001145309 0.0001654973 7.12175e-05 
76_zuff_zUf_PRO_EXC|target 0 0 0 1 0 0 0 0 0 0 0 0 0 0 0 0 0 0 0 0 0 0 0 0 0 0 0 0 0 0 0 0 0 0 1 0 0 0 0 0 0 0 0 0 0 0 0 0 0 0 1 0 0 0 0 0 0 0 0 0 0 
77_skuff_skUf_PRO_EXC|output 0.9676333 0.03942145 3.092096e-05 0.002654084 0.0006172248 3.679803e-05 0.00558397 0.017625 0.0001168462 3.895954e-06 0.003852274 0.0001277216 0.01062447 0.02509103 0.9677588 0.0001546156 0.03496752 0.02005466 3.260471e-06 0.02679358 0.07277134 0.002821228 0.001612521 1.091458e-05 0.001010436 0.003806096 0.01046791 0.0004263174 0.01622714 0.9861156 1.125352e-07 0.0233576 1.09734e-05 0.0001382657 6.498608e-05 7.28508e-05 0.0001223462 0.01755052 0.001881513 0.02151177 7.539927e-05 0.001728689 0.005522337 0.1029991 0.00458167 0.002498719 0.000402939 0.0002101823 7.113928e-06 2.307066e-05 0.9993398 0.008916178 0.00332073 0.007532195 0.01180031 0.000828856 0.001120599 0.001193404 0.0001422954 0.000703436 0.0007086034 
77_skuff_skUf_PRO_EXC|target 1 0 0 0 0 0 0 0 0 0 0 0 0 0 1 0 0 0 0 0 0 0 0 0 0 0 0 0 0 0 0 0 0 0 1 0 0 0 0 0 0 0 0 0 0 0 0 0 0 0 1 0 0 0 0 0 0 0 0 0 0 
78_gluff_glUf_PRO_EXC|output 4.981532e-06 3.361839e-05 4.599672e-06 0.0007178656 0.0004694041 0.0002065546 0.002526546 0.0143645 0.0001312681 0.0007820057 0.01128293 0.003221572 0.0117639 0.002128213 0.02582994 0.9997063 0.01186773 0.003362403 0.003270403 0.9868425 0.04956247 5.097347e-05 9.510716e-05 9.525181e-07 0.0003504125 0.079149 0.005760613 4.894896e-05 0.04041018 0.9993921 1.115938e-05 3.503712e-05 2.1172e-05 6.612299e-05 0.0007988286 0.002043928 0.0001585056 0.002222522 0.0004671219 0.02496829 0.0001688727 0.002542011 0.000921122 0.03579687 0.001584044 0.002470197 0.0007758996 0.0004603555 0.00351381 5.889523e-06 0.9970819 0.01041911 0.003006166 0.002781811 0.003807792 0.005134815 0.0005972839 0.0004830765 0.0008997032 0.000617439 0.0004417767 
78_gluff_glUf_PRO_EXC|target 0 0 0 0 0 0 0 0 0 0 0 0 0 0 0 1 0 0 0 1 0 0 0 0 0 0 0 0 0 0 0 0 0 0 1 0 0 0 0 0 0 0 0 0 0 0 0 0 0 0 1 0 0 0 0 0 0 0 0 0 0 
79_juff_jUf_PRO_EXC|output 0.0003080854 0.000808775 1.650726e-05 0.007827939 0.0009392207 0.7451623 0.002949191 0.02504181 8.694686e-06 4.473305e-05 0.01102476 0.009516031 0.003801705 0.006141704 0.0003138531 0.002133569 0.01521712 0.04856589 0.001222345 0.01614399 0.02018539 0.0006318929 0.0005419563 6.682611e-05 3.052187e-05 0.0157958 2.265524e-05 0.003875889 0.05415158 0.9759936 1.807538e-06 0.0004491791 4.408877e-06 4.086749e-06 0.004318581 0.006409884 0.0009309315 0.0009481018 0.0001513589 0.08278999 9.676866e-05 0.001913046 0.003539384 0.06568439 0.003553357 0.001553499 0.001690684 0.0001965982 2.343911e-05 0.0001480824 0.9909782 0.006011637 0.002734187 0.005136497 0.007029654 0.000139482 0.002780344 0.01088082 4.617951e-05 3.7472e-05 2.928206e-05 
79_juff_jUf_PRO_EXC|target 0 0 0 0 0 1 0 0 0 0 0 0 0 0 0 0 0 0 0 0 0 0 0 0 0 0 0 0 0 0 0 0 0 0 1 0 0 0 0 0 0 0 0 0 0 0 0 0 0 0 1 0 0 0 0 0 0 0 0 0 0 
80_zive_zIv_PRO_AMB|output 0.006006363 0.003665014 0.001700936 0.4276936 0.0009121891 0.00199371 0.005117909 0.005200068 0.0003835428 5.803115e-05 0.005896696 0.002283403 0.02426393 0.02422512 1.335011e-06 2.785283e-05 0.05077243 0.01597653 0.006820234 0.02877206 0.002819946 0.004565865 0.0005306555 0.0004252313 3.360022e-05 0.8906377 6.820273e-07 0.0001443424 0.01405253 0.001590134 3.603626e-06 0.03386444 0.01448493 0.0001178105 0.004007902 0.0002062106 0.01113495 0.001936199 0.0008341002 0.07236993 0.0011264 0.0009270935 0.007179534 0.00189592 0.0004932217 0.05831934 0.02147064 0.00548846 0.0001962371 0.01078293 0.006591046 0.8491001 0.05335288 0.08456847 0.0293749 0.001714174 0.007211737 7.449178e-05 0.004282345 1.002289e-05 0.01194769 
80_zive_zIv_PRO_AMB|target 0 0 0 1 0 0 0 0 0 0 0 0 0 0 0 0 0 0 0 0 0 0 0 0 0 0 0 0 0 0 0 0 1 0 0 0 0 0 0 0 0 0 0 0 0 0 0 0 0 0 0 1 0 0 0 0 0 0 0 0 0 
81_mive_mIv_PRO_AMB|output 0.02499858 0.004092847 0.0002512946 0.004464754 0.0008102778 0.001045447 0.001509443 0.008659278 4.569773e-06 0.000376309 0.004710583 0.00333426 0.02278048 0.01774286 1.496829e-05 3.150236e-05 0.9239359 0.01218883 0.01183046 0.05889686 0.004201348 0.01481872 0.0009389289 1.520327e-05 7.943719e-06 0.4594503 1.586817e-06 2.627234e-05 0.001496996 0.01128422 0.001344732 0.01131068 0.6174266 0.0004781804 0.1257169 7.114332e-05 0.01144395 0.00326367 0.001956842 0.01473839 0.02065909 0.0001510817 0.03024106 0.0009891283 0.001258006 0.008976381 0.0284557 0.0003306076 0.0006582767 3.128633e-05 0.004215384 0.913582 0.06925689 0.004625545 0.008922889 0.03210403 0.03872981 7.892093e-06 0.1411155 4.222562e-05 0.02316975 
81_mive_mIv_PRO_AMB|target 0 0 0 0 0 0 0 0 0 0 0 0 0 0 0 0 1 0 0 0 0 0 0 0 0 0 0 0 0 0 0 0 1 0 0 0 0 0 0 0 0 0 0 0 0 0 0 0 0 0 0 1 0 0 0 0 0 0 0 0 0 
82_pive_pIv_PRO_AMB|output 0.1505445 0.001834311 0.0118264 0.01975781 0.001720482 0.004003089 0.02200249 0.02183669 0.0003700344 0.001059595 0.7719181 0.01074757 0.009641772 0.0341401 0.002060429 0.000652797 0.01018685 0.02818952 0.01034107 0.04858921 0.03498264 0.01584584 0.003184077 0.0007280949 0.001244286 0.2424201 9.497031e-05 0.004386175 0.002447186 0.0392186 0.02204221 0.01304954 0.5903327 0.0001831223 0.08636773 0.007723971 0.03271575 0.01081179 0.004263906 0.06231053 0.02958891 0.0006174908 0.03466573 0.006432389 0.01459124 0.02433977 0.0124081 0.01326239 0.004092535 0.0127569 0.003296576 0.748661 0.04597162 0.007088988 0.05909593 0.03424711 0.02094585 0.001137682 0.02625613 0.0007878338 0.05052746 
82_pive_pIv_PRO_AMB|target 0 0 0 0 0 0 0 0 0 0 1 0 0 0 0 0 0 0 0 0 0 0 0 0 0 0 0 0 0 0 0 0 1 0 0 0 0 0 0 0 0 0 0 0 0 0 0 0 0 0 0 1 0 0 0 0 0 0 0 0 0 
83_glive_glIv_PRO_AMB|output 0.001690565 0.0002083633 0.000145044 0.001149646 0.0006023375 0.007208646 0.002168341 0.00794638 0.0001001075 0.0002087276 0.00766391 0.001388867 0.02299742 0.004527845 0.003527967 0.9875085 0.01172803 0.002386583 0.004076077 0.9428636 0.01687645 0.00170486 3.915613e-06 7.479619e-07 9.070798e-05 0.6999507 3.501845e-05 8.751937e-05 0.001303816 0.2015907 0.0006429837 0.0005602855 0.376275 0.0001060108 0.0008947125 6.07003e-05 0.006399493 0.002732716 0.0006957276 0.01102658 0.02292912 0.0002751157 0.01820811 0.0009242597 0.003848188 0.01849885 0.01034812 0.003799932 0.006831049 0.0008834339 0.006439604 0.9566677 0.01989231 0.00107692 0.01194031 0.05754777 0.005043196 1.029326e-05 0.06348406 4.394919e-05 0.0587668 
83_glive_glIv_PRO_AMB|target 0 0 0 0 0 0 0 0 0 0 0 0 0 0 0 1 0 0 0 1 0 0 0 0 0 0 0 0 0 0 0 0 1 0 0 0 0 0 0 0 0 0 0 0 0 0 0 0 0 0 0 1 0 0 0 0 0 0 0 0 0 
84_stome_stOm_PRO_AMB|output 0.7844426 0.004576063 0.001676475 0.04040804 0.001848152 0.002120543 0.06699653 0.0626424 0.00265539 0.006407654 0.005477082 0.003164586 0.7713897 0.03673705 0.0265161 0.0004591394 0.01056149 0.04732568 0.0001247749 0.0318428 0.0887956 0.004693699 0.000428966 0.00693295 0.0006843334 1.502694e-05 0.001551662 0.001750447 3.551847e-05 0.05870949 0.01759329 0.003224185 0.02741329 0.8618219 0.06092507 0.0009560808 0.01752203 0.05418437 0.0207167 0.7857251 0.005487982 4.571165e-05 0.005403112 0.00613278 0.08204233 0.02419023 0.009024117 0.00170249 0.001785984 0.0241443 0.05152099 0.1042157 0.07700231 0.002832896 0.005291193 0.04284198 0.0236241 0.003268967 0.02592045 0.0005347989 0.01553055 
84_stome_stOm_PRO_AMB|target 1 0 0 0 0 0 0 0 0 0 0 0 1 0 0 0 0 0 0 0 0 0 0 0 0 0 0 0 0 0 0 0 0 1 0 0 0 0 0 1 0 0 0 0 0 0 0 0 0 0 0 0 0 0 0 0 0 0 0 0 0 
85_shome_SOm_PRO_AMB|output 0.008208607 0.6796062 0.02199453 0.02580797 0.001932215 0.001941205 0.1289958 0.06271372 0.0047132 0.006158048 0.001437745 0.003340395 0.002193886 0.01867527 0.0008072105 0.0002783243 0.007047163 0.03854239 0.1106511 0.08338445 0.06051064 0.01200148 0.00133949 0.005122514 0.0002570268 4.139254e-06 0.0002799846 0.000990006 8.95159e-05 0.2841839 0.01870651 0.05205011 0.03973633 0.5391752 0.09324362 0.0006833312 0.007762027 0.06569236 0.01282953 0.754381 0.01417783 4.745203e-05 0.007750842 0.002051423 0.09852727 0.02117874 0.005523877 0.001381311 0.001077195 0.02819234 0.03512901 0.0709109 0.1012063 0.002254017 0.0020133 0.0184261 0.01889473 0.001056405 0.01500566 0.0008580884 0.007292826 
85_shome_SOm_PRO_AMB|target 0 1 0 0 0 0 0 0 0 0 0 0 0 0 0 0 0 0 0 0 0 0 0 0 0 0 0 0 0 0 0 0 0 1 0 0 0 0 0 1 0 0 0 0 0 0 0 0 0 0 0 0 0 0 0 0 0 0 0 0 0 
86_grome_grOm_PRO_AMB|output 0.0002573046 0.0002105959 0.0002176492 0.01713374 0.00147631 0.01213038 0.03223437 0.05617676 0.02790663 0.0003093613 0.01335325 0.001956511 0.166675 0.03837888 0.05427016 0.9311913 0.01419816 0.05069958 0.009637112 0.01752574 0.9553849 6.441733e-05 0.0002172737 0.000232472 0.0005341041 4.523331e-05 0.0005063181 0.0008056667 0.0001988401 0.06983668 0.07374316 0.001269952 0.01251588 0.7611531 0.02640525 0.0003021724 0.004652924 0.01228409 0.03927962 0.7691419 0.004903708 8.276988e-05 0.01401544 0.004576388 0.0253196 0.01385731 0.01200538 0.001291418 0.004203583 0.005769484 0.04012106 0.1214811 0.1345965 0.002390232 0.003638705 0.06840999 0.01265985 0.00182659 0.03204401 0.0004216039 0.01005815 
86_grome_grOm_PRO_AMB|target 0 0 0 0 0 0 0 0 0 0 0 0 0 0 0 1 0 0 0 0 1 0 0 0 0 0 0 0 0 0 0 0 0 1 0 0 0 0 0 1 0 0 0 0 0 0 0 0 0 0 0 0 0 0 0 0 0 0 0 0 0 
87_prome_prOm_PRO_AMB|output 0.005405326 0.0002398003 0.0005818738 0.01939084 0.001648124 0.0005661358 0.09374685 0.02933096 0.005511072 0.0002327503 0.643734 0.004001052 0.01875754 0.02190428 0.06770267 0.006772448 0.003936972 0.04479222 0.002330885 0.01224872 0.9448147 2.591657e-05 0.001369684 0.003400875 0.0002291237 6.730327e-06 0.0003881232 0.0002554839 4.886943e-05 0.1073104 0.04320341 0.001282941 0.02087681 0.6041084 0.07305881 0.003638913 0.005187543 0.01384007 0.0172905 0.7263782 0.005725012 8.873342e-05 0.02320349 0.00492416 0.03266196 0.007012798 0.003163232 0.001857178 0.0004755227 0.04803349 0.007365136 0.05790342 0.06084361 0.001606416 0.00722168 0.02578153 0.02323494 0.002556402 0.01397908 0.0006985478 0.005093373 
87_prome_prOm_PRO_AMB|target 0 0 0 0 0 0 0 0 0 0 1 0 0 0 0 0 0 0 0 0 1 0 0 0 0 0 0 0 0 0 0 0 0 1 0 0 0 0 0 1 0 0 0 0 0 0 0 0 0 0 0 0 0 0 0 0 0 0 0 0 0 
88_glead_gled_PRO_AMB|output 0.000161089 7.020135e-06 0.0001876466 0.004112493 0.0004226299 0.002247425 0.003984936 0.02340041 4.884977e-05 0.001671636 0.02321918 0.01334528 0.01405789 0.001107747 0.01105939 0.9701769 0.005619536 0.003915985 0.003191851 0.9792828 0.01256068 0.0001196188 0.0004392095 9.439064e-06 0.2196708 1.870353e-05 4.644893e-05 0.0001375173 0.002177555 0.0001090322 0.04361757 0.5826223 0.006270613 1.825691e-05 0.0001010761 9.084996e-05 0.0003524018 0.01029763 0.0007635535 0.02089537 0.001643731 7.429794e-06 0.004955639 0.0007860461 0.9530214 0.002088531 0.0006593234 0.003173926 0.0005539533 0.000320812 0.00049375 0.003369214 0.0108228 0.0008076253 0.01793172 0.002296286 0.001358452 0.007329649 0.007272942 0.0001300713 0.0002506461 
88_glead_gled_PRO_AMB|target 0 0 0 0 0 0 0 0 0 0 0 0 0 0 0 1 0 0 0 1 0 0 0 0 1 0 0 0 0 0 0 0 0 0 0 0 0 0 0 0 0 0 0 0 1 0 0 0 0 0 0 0 0 0 0 0 0 0 0 0 0 
89_yead_yed_PRO_AMB|output 0.1453127 0.004427624 0.002862849 0.01928506 0.001400236 0.03516002 0.04529861 0.1276768 0.0002233022 0.004749788 0.03455156 0.02251004 0.02379877 0.05486488 0.001077707 0.0001250384 0.04902051 0.03779308 0.017637 0.05552677 0.03013675 0.005615988 0.6241494 0.008290462 0.768438 0.01825731 0.002725313 0.0023921 0.002816125 0.0007457078 0.06830869 0.1451668 0.2777865 0.0001641097 0.0105608 0.002033946 0.02080082 0.0217081 0.02630704 0.02961406 0.0129581 0.000345714 0.01776068 0.007725563 0.7484302 0.004695102 0.008255643 0.009124327 0.001125975 0.001075566 0.02025348 0.009567495 0.02368718 0.008901644 0.1209862 0.003534309 0.006444071 0.06621086 0.002602784 0.0002621911 0.001480766 
89_yead_yed_PRO_AMB|target 0 0 0 0 0 0 0 0 0 0 0 0 0 0 0 0 0 0 0 0 0 0 1 0 1 0 0 0 0 0 0 0 0 0 0 0 0 0 0 0 0 0 0 0 1 0 0 0 0 0 0 0 0 0 0 0 0 0 0 0 0 
90_jead_jed_PRO_AMB|output 0.005503713 0.0001123898 0.001686946 0.01927456 0.0007243287 0.8965204 0.004414393 0.09623373 2.002606e-06 0.000491765 0.02975104 0.008976236 0.003923551 0.02065947 0.0001132236 0.000244518 0.007530271 0.03291106 0.001819135 0.0192653 0.004787771 0.0007545589 0.0002790082 0.0002921885 0.07192916 1.369327e-06 2.316673e-06 0.001080916 0.005191102 2.670233e-05 0.01868261 0.9693426 0.0004377987 4.86977e-06 7.531139e-05 0.000696308 0.001144785 0.005970746 0.001253444 0.03229542 0.003643521 3.895107e-06 0.0150591 0.0005958243 0.9689423 0.0009169217 0.0009288795 0.00161426 8.738227e-06 0.002385863 0.0002714938 0.004394929 0.01722311 0.0005245284 0.04199678 8.084219e-05 0.004272616 0.04642623 0.0003274906 3.164322e-05 1.526211e-05 
90_jead_jed_PRO_AMB|target 0 0 0 0 0 1 0 0 0 0 0 0 0 0 0 0 0 0 0 0 0 0 0 0 1 0 0 0 0 0 0 0 0 0 0 0 0 0 0 0 0 0 0 0 1 0 0 0 0 0 0 0 0 0 0 0 0 0 0 0 0 
91_kead_ked_PRO_AMB|output 0.02293083 5.084171e-05 0.01422475 0.006646746 0.0005374983 0.0009044072 0.006111137 0.1039087 1.511284e-05 3.744131e-05 0.02012377 0.002614546 0.002880114 0.01114274 0.8705781 0.001226379 0.005021775 0.02396903 0.001263632 0.1142894 0.01845112 0.004196149 0.003330263 0.004563928 0.08827382 1.285498e-05 4.306708e-05 5.908086e-05 0.004552387 0.0001729147 0.001183219 0.9637123 0.0003031673 7.933839e-06 7.438528e-06 3.739814e-05 0.001250372 0.009066191 0.001965011 0.01076774 0.002459102 1.340946e-05 0.01085699 0.0009473514 0.9620214 0.0007040114 0.0006806624 0.003948909 1.751759e-06 0.00250334 0.001332249 0.007005617 0.003902163 0.0007848081 0.075668 0.0007964214 0.001483122 0.0085788 0.0005536519 0.0002707416 0.000120527 
91_kead_ked_PRO_AMB|target 0 0 0 0 0 0 0 0 0 0 0 0 0 0 1 0 0 0 0 0 0 0 0 0 1 0 0 0 0 0 0 0 0 0 0 0 0 0 0 0 0 0 0 0 1 0 0 0 0 0 0 0 0 0 0 0 0 0 0 0 0 
92_ghow_gW_PRO_AMB|output 1.246468e-07 0.0001056617 0.005620516 0.005770447 0.0007467695 0.001346947 0.004547874 0.01347549 0.002407985 0.06067995 0.00224946 0.003569015 0.003731152 0.01799135 7.855e-06 0.9572321 0.008016073 0.0167271 0.7340391 0.003872466 0.03984141 0.0004556531 0.0002122125 0.0002982035 5.963262e-07 2.823139e-06 0.006878809 0.001532088 2.200363e-06 0.0002310276 0.008361693 0.0007062215 0.000868566 0.1920366 0.04756955 0.1206279 0.01556579 0.03312677 0.06750719 0.01281819 0.0002659322 2.695508e-05 0.004125281 0.008888386 0.01465539 0.001696935 0.001379535 0.0005231508 0.005033267 8.266128e-05 7.820241e-05 0.004892036 0.02562106 0.003342072 0.003267249 0.01058061 0.004112853 0.004012363 0.001619044 0.00119469 5.179842e-05 
92_ghow_gW_PRO_AMB|target 0 0 0 0 0 0 0 0 0 0 0 0 0 0 0 1 0 0 0 0 0 0 0 0 0 0 0 0 0 0 0 0 0 0 0 1 0 0 0 0 0 0 0 0 0 0 0 0 0 0 0 0 0 0 0 0 0 0 0 0 0 
93_smow_smW_PRO_AMB|output 0.9932415 0.0619029 1.546792e-05 0.01728796 0.0007504499 8.509596e-05 0.01525865 0.01608887 6.368086e-07 0.00128216 0.01653793 0.001576204 0.01238022 0.0216112 0.0004089753 1.855975e-06 0.9561342 0.0100311 3.383695e-05 0.01482937 0.01846578 0.0002551407 0.0006012529 0.006712318 1.479537e-05 2.688638e-06 0.005294045 0.0002803609 7.88781e-07 0.001742292 0.0004185261 0.008855571 7.232824e-05 0.6717187 0.007084236 0.2441234 0.01198214 0.04093698 0.1074455 0.005815288 0.0006966365 7.662205e-05 0.009783414 0.01710116 0.008424148 0.001496081 0.001243502 0.0001820808 0.001675851 8.531827e-06 0.0003047647 0.002124015 0.06869547 0.001190061 0.02754658 0.0004526068 0.03201117 0.0009714869 0.01068819 0.001555575 6.767016e-05 
93_smow_smW_PRO_AMB|target 1 0 0 0 0 0 0 0 0 0 0 0 0 0 0 0 1 0 0 0 0 0 0 0 0 0 0 0 0 0 0 0 0 0 0 1 0 0 0 0 0 0 0 0 0 0 0 0 0 0 0 0 0 0 0 0 0 0 0 0 0 
94_shrow_SrW_PRO_AMB|output 0.000368574 0.9895658 0.0001972879 0.02386968 0.0007773227 8.14269e-06 0.1106554 0.002362975 0.01715261 0.001168996 0.001584367 0.01865576 0.0001370911 0.006697266 2.977502e-05 0.0001750926 0.003955178 0.03118213 0.005592311 0.006954316 0.9533885 1.913074e-07 1.039689e-06 0.01193262 6.100951e-07 1.456454e-05 0.0005310785 0.001542635 8.780818e-05 0.003174367 1.169884e-05 0.1400709 0.0002343942 0.480417 0.006663674 0.02753994 0.007609568 0.01994852 0.01287674 0.05425747 0.0007118657 0.0013509 0.0238956 0.01212659 0.01946098 0.002528137 0.001290408 0.000867871 0.0008487692 0.002580399 0.00304722 0.004130076 0.02078927 0.01252632 0.003952493 0.001609315 0.006975284 0.001692815 0.0006186182 0.01049065 1.283356e-05 
94_shrow_SrW_PRO_AMB|target 0 1 0 0 0 0 0 0 0 0 0 0 0 0 0 0 0 0 0 0 1 0 0 0 0 0 0 0 0 0 0 0 0 0 0 1 0 0 0 0 0 0 0 0 0 0 0 0 0 0 0 0 0 0 0 0 0 0 0 0 0 
95_zow_zW_PRO_AMB|output 0.0005761125 0.00122527 0.0008626143 0.8632637 0.001047467 0.0001203759 0.05915015 0.01074567 0.0003441684 0.001025845 0.03079786 0.01055892 0.0147744 0.02386817 1.068703e-05 1.535619e-05 0.03278775 0.04734796 0.004852299 0.003522687 0.03084632 0.0006029584 0.02111336 0.1860311 7.76581e-07 1.429832e-05 4.355283e-05 0.001070152 0.0001436993 0.0007315396 1.357661e-05 0.009632943 2.117481e-07 0.7995867 0.01224292 0.2827881 0.005758991 0.01907341 0.01269339 0.1079878 5.794714e-05 0.003774842 0.004639058 0.0221566 0.001077102 0.006206111 0.00293441 0.002613792 0.0001057057 0.001559356 0.0001515713 0.0006981825 0.02751436 0.2547638 0.02225782 7.737421e-05 0.009636065 0.01671647 0.0001910632 0.0002486629 1.24537e-05 
95_zow_zW_PRO_AMB|target 0 0 0 1 0 0 0 0 0 0 0 0 0 0 0 0 0 0 0 0 0 0 0 0 0 0 0 0 0 0 0 0 0 0 0 1 0 0 0 0 0 0 0 0 0 0 0 0 0 0 0 0 0 0 0 0 0 0 0 0 0 
96_brour_brWr_PRO_AMB|output 8.692367e-05 0.003502232 6.545636e-06 0.009901617 0.001047409 8.178622e-06 0.002254257 0.01043038 0.00368504 0.001009297 0.01026915 0.7329022 0.08811554 0.01168077 0.01327171 0.006228478 0.01320857 0.008682633 1.03561e-05 0.004363077 0.9157164 4.984145e-06 0.0003925036 9.473749e-06 3.429097e-07 1.553387e-07 0.00288286 0.01453193 1.125352e-07 2.416298e-06 0.01247867 0.0004507515 2.924325e-05 0.2312921 0.03235078 0.5766407 0.005523416 0.6372773 0.0003076613 0.002227152 0.006542952 1.431151e-05 0.1813259 0.01159523 0.0196685 0.0003285824 0.002390826 0.001185324 0.001403605 1.872868e-05 0.00582973 0.002092683 0.001554415 0.001127409 0.01608799 0.0004939355 0.03766989 0.007561052 0.001428967 0.03487235 0.0001308419 
96_brour_brWr_PRO_AMB|target 0 0 0 0 0 0 0 0 0 0 0 1 0 0 0 0 0 0 0 0 1 0 0 0 0 0 0 0 0 0 0 0 0 0 0 1 0 1 0 0 0 0 0 0 0 0 0 0 0 0 0 0 0 0 0 0 0 0 0 0 0 
97_drour_drWr_PRO_AMB|output 0.0004826397 0.0007942319 5.40299e-07 0.00669875 0.0006876258 5.88456e-06 0.004382728 0.02412445 0.004505672 4.221826e-05 0.01096477 0.002350036 0.05938495 0.7385689 0.01347447 0.007053231 0.01369146 0.008116596 1.029832e-05 0.0001594635 0.9668424 1.24059e-05 6.304172e-05 1.69596e-06 1.125352e-07 1.125352e-07 0.0006648432 0.003794175 1.125352e-07 3.482852e-06 0.003694538 0.001759981 0.0004462055 0.4946532 0.01809193 0.4240223 0.00371494 0.5863133 0.0002628534 0.00519027 0.001082803 1.128461e-06 0.03969904 0.003354643 0.009332377 0.00010003 0.001307486 0.0007734222 0.004385068 3.903656e-06 0.006032479 0.009612839 0.001775825 0.0005917801 0.01566568 0.0008183811 0.01987792 0.003532483 0.001081775 0.04282427 6.031106e-05 
97_drour_drWr_PRO_AMB|target 0 0 0 0 0 0 0 0 0 0 0 0 0 1 0 0 0 0 0 0 1 0 0 0 0 0 0 0 0 0 0 0 0 0 0 1 0 1 0 0 0 0 0 0 0 0 0 0 0 0 0 0 0 0 0 0 0 0 0 0 0 
98_prour_prWr_PRO_AMB|output 0.001383374 6.500858e-05 6.004824e-06 0.004881443 0.0006476764 1.245829e-05 0.004672482 0.006435231 0.000428264 3.387534e-05 0.9572304 0.002926118 0.002679021 0.003706528 0.1151063 0.01932433 0.002810576 0.005817996 7.825988e-06 0.005197736 0.8782704 3.716507e-06 0.001664038 1.04731e-05 1.806013e-07 1.125352e-07 6.838204e-05 0.003929503 1.125352e-07 2.664379e-06 0.01137154 0.0002331934 0.0001139833 0.3385214 0.02880331 0.05736485 0.005540856 0.675492 9.667155e-05 0.006516209 0.003582508 5.356545e-06 0.0925613 0.002883784 0.007748715 0.0002050978 0.000292305 0.0006124688 0.001368874 5.683378e-06 0.00065039 0.003721143 0.001365076 0.0001401694 0.03085154 0.0006320249 0.004057686 0.01063949 0.0007936351 0.03767435 5.422319e-05 
98_prour_prWr_PRO_AMB|target 0 0 0 0 0 0 0 0 0 0 1 0 0 0 0 0 0 0 0 0 1 0 0 0 0 0 0 0 0 0 0 0 0 0 0 1 0 1 0 0 0 0 0 0 0 0 0 0 0 0 0 0 0 0 0 0 0 0 0 0 0 
99_clour_klWr_PRO_AMB|output 0.001428794 0.0001311551 0.0002664576 0.00648 0.0006665232 4.899985e-06 0.01223436 0.02902989 0.0001239695 0.0006075335 0.0311744 0.001576717 0.03121882 0.002507244 0.9964901 0.0639571 0.01616472 0.003577997 3.599985e-06 0.8839993 0.04394916 0.0001638039 0.00240266 2.356534e-05 1.125352e-07 1.125352e-07 0.002674718 0.003500096 1.263982e-07 8.057844e-05 0.002715528 0.00717297 0.0001595181 0.1207827 0.1499345 0.7447662 0.003575278 0.8175259 2.678225e-06 0.008266316 0.004219677 1.794179e-05 0.03403615 0.00293207 0.02975932 0.0003958883 0.002673466 0.001190175 0.0002707919 2.127351e-06 0.1088767 0.003343743 0.0001492879 0.00169482 0.007310848 0.007604376 0.01095763 0.001932141 0.007225584 0.01874368 0.0002404413 
99_clour_klWr_PRO_AMB|target 0 0 0 0 0 0 0 0 0 0 0 0 0 0 1 0 0 0 0 1 0 0 0 0 0 0 0 0 0 0 0 0 0 0 0 1 0 1 0 0 0 0 0 0 0 0 0 0 0 0 0 0 0 0 0 0 0 0 0 0 0 
100_blone_blan_PRO_AMB|output 6.404841e-05 0.0003353629 0.0002309135 0.02127728 0.001257667 8.809263e-06 0.05435396 0.004683281 0.0006244114 0.001851684 0.01156755 0.6647431 0.003262219 0.002452309 0.0006985086 0.0001705128 0.009096735 0.004292669 0.001860469 0.8779603 0.04076852 0.001297098 0.0002153827 0.006610368 1.214906e-06 2.926568e-06 0.003391756 1.207704e-06 1.201956e-06 0.01447784 0.002066179 5.991066e-05 0.009834991 0.9299607 0.06183952 0.001120075 0.01031292 0.0147891 0.0001166515 0.001772096 0.9211898 0.002844693 0.03628046 2.827641e-05 0.06751439 0.004846537 0.00738144 0.0018915 0.0009355748 0.002347155 0.001298245 0.004221249 0.002760286 0.001302905 0.002364112 0.004407901 0.01438403 8.723912e-06 0.0156538 0.0004854903 0.003286408 
100_blone_blan_PRO_AMB|target 0 0 0 0 0 0 0 0 0 0 0 1 0 0 0 0 0 0 0 1 0 0 0 1 0 0 0 0 0 0 0 0 0 0 0 0 0 0 0 0 1 0 0 0 0 0 0 0 0 0 0 0 0 0 0 0 0 0 0 0 0 
101_frone_flan_PRO_AMB|output 0.0001711457 2.225715e-05 0.0003551218 0.02987174 0.0007903731 1.209369e-05 0.9837998 0.01313248 0.006953789 2.446722e-05 0.04144901 0.005240117 0.01340387 0.03938261 0.01255342 0.002071237 0.003295386 0.047348 0.001900882 0.00920203 0.9867457 4.419172e-05 0.000443722 0.002857523 0.0001090902 3.928626e-06 0.05565309 1.896891e-05 0.0001547595 0.1860951 0.000912782 0.0003294491 0.00107714 0.6541663 0.04196456 0.003563149 0.00481324 0.001019618 0.001331665 0.03162654 0.9803879 0.001277535 0.006666913 3.411196e-05 0.01330708 0.008579278 0.003713581 0.0004882745 0.001721593 0.04233654 0.00709166 0.03750268 0.003356126 4.155967e-05 0.0045689 0.01854275 0.01487685 0.0001093434 0.01510744 0.001010161 0.002728809 
101_frone_flan_PRO_AMB|target 0 0 0 0 0 0 1 0 0 0 0 0 0 0 0 0 0 0 0 1 0 0 0 1 0 0 0 0 0 0 0 0 0 0 0 0 0 0 0 0 1 0 0 0 0 0 0 0 0 0 0 0 0 0 0 0 0 0 0 0 0 
102_slone_slan_PRO_AMB|output 0.9315178 0.01767183 0.0003509043 0.02864508 0.0009787483 9.371345e-05 0.05118755 0.01317813 2.892402e-05 0.0002584144 0.01374019 0.0002225178 0.004413387 0.003317174 0.1018927 2.602892e-05 0.01046556 0.00458934 3.544331e-05 0.9368894 0.01830046 0.00603101 0.000141632 0.00387882 4.854634e-05 6.316786e-06 0.001420618 6.002711e-06 1.372262e-05 0.05838862 0.0008031487 0.0001447263 0.0039908 0.8108695 0.1111705 0.001615441 0.02317322 0.009565886 3.610483e-05 0.006088807 0.9893129 0.004212631 0.02494216 3.409586e-05 0.06847013 0.006780279 0.002601223 0.0006462169 0.0001712406 0.008610881 0.007371923 0.04095919 0.007734971 8.156591e-05 0.000798687 0.00585081 0.008171068 2.382981e-05 0.02714857 0.000304837 0.01059993 
102_slone_slan_PRO_AMB|target 1 0 0 0 0 0 0 0 0 0 0 0 0 0 0 0 0 0 0 1 0 0 0 1 0 0 0 0 0 0 0 0 0 0 0 0 0 0 0 0 1 0 0 0 0 0 0 0 0 0 0 0 0 0 0 0 0 0 0 0 0 
103_smone_sman_PRO_AMB|output 0.9887835 0.02647575 3.25267e-05 0.01625907 0.001013883 0.00080351 0.01762629 0.01941162 9.193964e-06 0.0002964757 0.008349065 0.0005581014 0.01959228 0.01619527 0.002960267 8.022072e-07 0.9602742 0.006839796 3.871154e-05 0.03271554 0.03093828 0.02560511 0.002469058 0.006754728 2.913086e-05 6.613067e-06 0.01150531 2.653025e-06 2.249637e-05 0.1592401 0.005901573 0.0001676734 0.006082277 0.6857324 0.02383487 0.0008098147 0.00890066 0.007774598 0.00161958 0.00332995 0.9881074 0.001838634 0.02114475 3.816606e-05 0.01016071 0.01084169 0.00425973 0.0002732271 0.01729071 4.228177e-06 0.0008274908 0.01393237 0.113806 2.529555e-05 0.008220549 0.004065703 0.01332478 3.485493e-05 0.159612 0.0004263195 0.02571551 
103_smone_sman_PRO_AMB|target 1 0 0 0 0 0 0 0 0 0 0 0 0 0 0 0 1 0 0 0 0 0 0 1 0 0 0 0 0 0 0 0 0 0 0 0 0 0 0 0 1 0 0 0 0 0 0 0 0 0 0 0 0 0 0 0 0 0 0 0 0 
104_glood_gld_PRO_AMB|output 0.001785642 0.0002122475 0.0002161812 0.01331977 0.00129068 0.004900921 0.03027811 0.02479519 0.00231096 0.0006181986 0.03956217 0.03828291 0.04238687 0.01084782 0.09762833 0.9679216 0.009289914 0.01512936 0.0169087 0.8833435 0.1375837 0.002187353 0.000860576 0.01856331 0.001144144 0.002658223 0.008000557 0.2235179 6.467616e-05 0.6392995 0.0004089753 0.0001496063 0.00467368 0.02131632 0.1261386 0.004488087 0.02066164 0.05574419 0.02560014 0.04633445 0.004644487 0.001244986 0.03460702 0.007747835 0.7324237 0.01959598 0.01927974 0.02021359 0.01704992 0.001215221 0.01231845 0.02960348 0.08210792 0.004388829 0.02554004 0.01043767 0.002698353 0.004398724 0.01157231 0.003873356 0.0036121 
104_glood_gld_PRO_AMB|target 0 0 0 0 0 0 0 0 0 0 0 0 0 0 0 1 0 0 0 1 0 0 0 0 0 0 0 0 0 1 0 0 0 0 0 0 0 0 0 0 0 0 0 0 1 0 0 0 0 0 0 0 0 0 0 0 0 0 0 0 0 
105_klood_kld_PRO_AMB|output 0.008017477 0.002024802 0.003210019 0.009172409 0.001197403 0.0001970238 0.1037028 0.03463083 0.001116164 0.0002262602 0.02399001 0.01165928 0.008774488 0.01397412 0.9822539 0.06584998 0.01438549 0.01707052 0.01026487 0.884999 0.1465449 0.005959278 0.003029857 0.02332117 0.0001708405 0.0003031546 0.004479492 0.1233243 0.0002253796 0.5964414 2.639893e-05 0.004301381 0.003914445 0.004662991 0.1756518 0.0110791 0.01397885 0.0814314 0.00766238 0.03449733 0.003801265 0.000958622 0.04429034 0.009509678 0.8460391 0.01329774 0.01533383 0.03094989 0.001967448 0.002892732 0.02400379 0.02226783 0.04217151 0.00724825 0.05102471 0.0114839 0.004268658 0.003319013 0.007776724 0.006491597 0.001598107 
105_klood_kld_PRO_AMB|target 0 0 0 0 0 0 0 0 0 0 0 0 0 0 1 0 0 0 0 1 0 0 0 0 0 0 0 0 0 1 0 0 0 0 0 0 0 0 0 0 0 0 0 0 1 0 0 0 0 0 0 0 0 0 0 0 0 0 0 0 0 
106_plood_pld_PRO_AMB|output 0.007576367 2.731214e-05 0.0002998559 0.005014518 0.0005984116 6.658905e-06 0.07203249 0.008615394 3.564911e-05 1.978588e-05 0.9729557 0.0440095 0.0003161523 0.0006584587 0.1336096 0.01744172 0.0003844315 0.005113948 0.003283367 0.9614584 0.02365857 0.0001203495 0.001182149 0.0295819 1.806267e-05 2.112842e-05 0.0001714893 0.08951599 4.931136e-06 0.4682931 1.401297e-06 1.834179e-05 0.008821986 0.0003042941 0.3042892 0.08469259 0.01050132 0.03529674 0.003049451 0.01870693 0.001401367 0.0001929823 0.009510441 0.002407568 0.9376458 0.006205646 0.001106362 0.02279486 0.0002211348 0.003198798 0.0002023887 0.009551367 0.008673617 0.000644985 0.02263764 0.002883071 0.0008540336 0.001965586 0.001995425 0.001526088 0.0003142606 
106_plood_pld_PRO_AMB|target 0 0 0 0 0 0 0 0 0 0 1 0 0 0 0 0 0 0 0 1 0 0 0 0 0 0 0 0 0 1 0 0 0 0 0 0 0 0 0 0 0 0 0 0 1 0 0 0 0 0 0 0 0 0 0 0 0 0 0 0 0 
107_drood_drd_PRO_AMB|output 0.0003245491 0.0002960288 6.79601e-07 0.007993083 0.0006302612 8.211665e-05 0.0296815 0.01056347 0.04698741 4.798974e-06 0.01506352 0.02006353 0.01493791 0.8688328 0.006472558 0.003955111 0.002285859 0.01348259 0.0005748854 0.0008941653 0.9927954 1.965131e-06 1.603527e-05 0.01228378 0.0001696141 0.0002715391 0.0008231731 0.2449345 2.202001e-06 0.0005431654 7.102432e-06 7.725486e-07 0.04052932 0.02187635 0.8286747 0.1247946 0.02311001 0.003930885 0.009957588 0.007241788 0.001827371 7.061248e-05 0.03102916 0.00352903 0.9608666 0.001415325 0.003548457 0.008514886 0.000389811 0.0004323198 0.01572833 0.01287912 0.03736302 0.0003077009 0.03055998 0.003055593 0.001904337 0.003442219 0.001434355 0.002218731 8.039831e-05 
107_drood_drd_PRO_AMB|target 0 0 0 0 0 0 0 0 0 0 0 0 0 1 0 0 0 0 0 0 1 0 0 0 0 0 0 0 0 1 0 0 0 0 0 0 0 0 0 0 0 0 0 0 1 0 0 0 0 0 0 0 0 0 0 0 0 0 0 0 0 
